dw 0, 0, 0, 0, 0, 0, 0, 0, 0, 0, 0, 0, 0, 0, 0, 0, 0, 0, 0, 0, 0, 0, 0, 0, 0, 0, 0, 0, 0, 0, 0, 0, 0, 0, 0, 0, 0, 0, 0, 0, 0, 0, 0, 0, 0, 0, 0, 0, 0, 0, 0, 0, 0, 0, 0, 0, 0, 0, 0, 0, 0, 0, 0, 0, 0, 0, 0, 0, 0, 0, 0, 0, 0, 0, 0, 0, 0, 0, 0, 0, 0, 0, 0, 0, 0, 0, 0, 0, 0, 0, 0, 0, 0, 0, 0, 0, 0, 0, 0, 0, 0, 0, 0, 0, 0, 0, 0, 0, 0, 0, 0, 0, 0, 0, 0, 0, 0, 0, 0, 0, 0, 0, 0, 0, 0, 0, 0, 0
dw 0, 0, 0, 0, 0, 0, 0, 0, 0, 0, 0, 0, 0, 0, 0, 0, 0, 0, 0, 0, 0, 0, 0, 0, 0, 0, 0, 0, 0, 0, 0, 0, 0, 0, 0, 0, 0, 0, 0, 0, 0, 0, 0, 0, 0, 0, 0, 0, 0, 0, 0, 0, 0, 0, 0, 0, 0, 0, 0, 21027, 21027, 21027, 21027, 21027, 21027, 21027, 21027, 18914, 0, 0, 0, 0, 0, 0, 0, 0, 0, 0, 0, 0, 0, 0, 0, 0, 0, 0, 0, 0, 0, 0, 0, 0, 0, 0, 0, 0, 0, 0, 0, 0, 0, 0, 0, 0, 0, 0, 0, 0, 0, 0, 0, 0, 0, 0, 0, 0, 0, 0, 0, 0, 0, 0, 0, 0, 0, 0, 0, 0
dw 0, 0, 0, 0, 0, 0, 0, 0, 0, 0, 0, 0, 0, 0, 0, 0, 0, 0, 0, 0, 0, 0, 0, 0, 0, 0, 0, 0, 0, 0, 0, 0, 0, 0, 0, 0, 0, 0, 0, 0, 0, 0, 0, 0, 0, 0, 0, 0, 0, 0, 0, 0, 2080, 2080, 2080, 29379, 33572, 33572, 33604, 62951, 62951, 62951, 62951, 62951, 62951, 62951, 62951, 60871, 33572, 33572, 33572, 25187, 2080, 2080, 2080, 0, 0, 0, 0, 0, 0, 0, 0, 0, 0, 0, 0, 0, 0, 0, 0, 0, 0, 0, 0, 0, 0, 0, 0, 0, 0, 0, 0, 0, 0, 0, 0, 0, 0, 0, 0, 0, 0, 0, 0, 0, 0, 0, 0, 0, 0, 0, 0, 0, 0, 0, 0, 0
dw 0, 0, 0, 0, 0, 0, 0, 0, 0, 0, 0, 0, 0, 0, 0, 0, 0, 0, 0, 0, 0, 0, 0, 0, 0, 0, 0, 0, 0, 0, 0, 0, 0, 0, 0, 0, 0, 0, 0, 0, 0, 0, 0, 0, 0, 0, 0, 0, 0, 0, 2080, 4192, 37764, 37764, 37764, 58791, 62951, 62951, 62951, 60871, 60871, 60871, 60871, 60871, 60871, 60871, 60871, 60871, 62951, 62951, 62951, 56679, 37764, 37764, 35684, 2080, 32, 0, 0, 0, 0, 0, 0, 0, 0, 0, 0, 0, 0, 0, 0, 0, 0, 0, 0, 0, 0, 0, 0, 0, 0, 0, 0, 0, 0, 0, 0, 0, 0, 0, 0, 0, 0, 0, 0, 0, 0, 0, 0, 0, 0, 0, 0, 0, 0, 0, 0, 0
dw 0, 0, 0, 0, 0, 0, 0, 0, 0, 0, 0, 0, 0, 0, 0, 0, 0, 0, 0, 0, 0, 0, 0, 0, 0, 0, 0, 0, 0, 0, 0, 0, 0, 0, 0, 0, 0, 0, 0, 0, 0, 0, 0, 0, 0, 0, 0, 0, 6305, 8385, 48262, 48294, 62983, 62983, 62983, 60903, 62951, 62951, 62951, 54599, 54599, 54599, 54599, 54599, 54599, 54599, 54599, 56647, 62951, 62951, 62951, 60903, 62983, 62983, 62951, 48262, 41989, 8385, 6305, 0, 0, 0, 0, 0, 0, 0, 0, 0, 0, 0, 0, 0, 0, 0, 0, 0, 0, 0, 0, 0, 0, 0, 0, 0, 0, 0, 0, 0, 0, 0, 0, 0, 0, 0, 0, 0, 0, 0, 0, 0, 0, 0, 0, 0, 0, 0, 0, 0
dw 0, 0, 0, 0, 0, 0, 0, 0, 0, 0, 0, 0, 0, 0, 0, 0, 0, 0, 0, 0, 0, 0, 0, 0, 0, 0, 0, 0, 0, 0, 0, 0, 0, 0, 0, 0, 0, 0, 0, 0, 0, 0, 0, 0, 0, 0, 8385, 8417, 48294, 52486, 62951, 62951, 60871, 60903, 62951, 58791, 52486, 52486, 50406, 10465, 10465, 10465, 10465, 10465, 10465, 10465, 10465, 12610, 52486, 52486, 52486, 60871, 62951, 60903, 60871, 62951, 60871, 52486, 44069, 8417, 6305, 0, 0, 0, 0, 0, 0, 0, 0, 0, 0, 0, 0, 0, 0, 0, 0, 0, 0, 0, 0, 0, 0, 0, 0, 0, 0, 0, 0, 0, 0, 0, 0, 0, 0, 0, 0, 0, 0, 0, 0, 0, 0, 0, 0, 0, 0, 0
dw 0, 0, 0, 0, 0, 0, 0, 0, 0, 0, 0, 0, 0, 0, 0, 0, 0, 0, 0, 0, 0, 0, 0, 0, 0, 0, 0, 0, 0, 0, 0, 0, 0, 0, 0, 0, 0, 0, 0, 0, 0, 0, 0, 0, 2080, 16802, 52454, 58759, 60903, 62951, 60903, 62983, 62983, 48294, 46149, 35684, 4192, 4192, 4192, 0, 0, 0, 0, 0, 0, 0, 0, 0, 4192, 4192, 4192, 39877, 46149, 50406, 62983, 62983, 60903, 62951, 60871, 58759, 46181, 16802, 0, 0, 0, 0, 0, 0, 0, 0, 0, 0, 0, 0, 0, 0, 0, 0, 0, 0, 0, 0, 0, 0, 0, 0, 0, 0, 0, 0, 0, 0, 0, 0, 0, 0, 0, 0, 0, 0, 0, 0, 0, 0, 0, 0, 0, 0
dw 0, 0, 0, 0, 0, 0, 0, 0, 0, 0, 0, 0, 0, 0, 0, 0, 0, 0, 0, 0, 0, 0, 0, 0, 0, 0, 0, 0, 0, 0, 0, 0, 0, 0, 0, 0, 0, 0, 0, 0, 0, 0, 0, 10497, 29379, 58791, 60871, 60903, 60903, 62951, 52486, 37764, 37764, 10497, 4192, 2112, 0, 0, 0, 0, 0, 0, 0, 0, 0, 0, 0, 0, 0, 0, 0, 4160, 4192, 14690, 37764, 37764, 56647, 62951, 60903, 60903, 60871, 58791, 25187, 8385, 0, 0, 0, 0, 0, 0, 0, 0, 0, 0, 0, 0, 0, 0, 0, 0, 0, 0, 0, 0, 0, 0, 0, 0, 0, 0, 0, 0, 0, 0, 0, 0, 0, 0, 0, 0, 0, 0, 0, 0, 0, 0, 0, 0
dw 0, 0, 0, 0, 0, 0, 0, 0, 0, 0, 0, 0, 0, 0, 0, 0, 0, 0, 0, 0, 0, 0, 0, 0, 0, 0, 0, 0, 0, 0, 0, 0, 0, 0, 0, 0, 0, 0, 0, 0, 0, 0, 20994, 44069, 62951, 60871, 60903, 62984, 54566, 29412, 18914, 0, 0, 0, 0, 0, 0, 0, 0, 0, 0, 0, 0, 0, 0, 0, 0, 0, 0, 0, 0, 0, 0, 0, 0, 0, 23075, 29412, 56711, 62984, 60871, 60871, 62983, 39877, 16802, 0, 0, 0, 0, 0, 0, 0, 0, 0, 0, 0, 0, 0, 0, 0, 0, 0, 0, 0, 0, 0, 0, 0, 0, 0, 0, 0, 0, 0, 0, 0, 0, 0, 0, 0, 0, 0, 0, 0, 0, 0, 0, 0
dw 0, 0, 0, 0, 0, 0, 0, 0, 0, 0, 0, 0, 0, 0, 0, 0, 0, 0, 0, 0, 0, 0, 0, 0, 0, 0, 0, 0, 0, 0, 0, 0, 0, 0, 0, 0, 0, 0, 0, 2080, 6273, 39877, 56647, 62951, 60903, 60839, 50406, 20995, 14722, 0, 0, 0, 0, 0, 0, 0, 0, 0, 0, 0, 0, 0, 0, 0, 0, 0, 0, 0, 0, 0, 0, 0, 0, 0, 0, 0, 0, 0, 16802, 20995, 54599, 60871, 60903, 62951, 52486, 35684, 6273, 0, 0, 0, 0, 0, 0, 0, 0, 0, 0, 0, 0, 0, 0, 0, 0, 0, 0, 0, 0, 0, 0, 0, 0, 0, 0, 0, 0, 0, 0, 0, 0, 0, 0, 0, 0, 0, 0, 0, 0, 0
dw 0, 0, 0, 0, 0, 0, 0, 0, 0, 0, 0, 0, 0, 0, 0, 0, 0, 0, 0, 0, 0, 0, 0, 0, 0, 0, 0, 0, 0, 0, 0, 0, 0, 0, 0, 0, 0, 0, 2080, 12609, 46213, 60903, 60903, 60903, 60839, 37796, 12577, 0, 0, 0, 0, 0, 0, 0, 0, 0, 0, 0, 0, 0, 0, 0, 0, 0, 0, 0, 0, 0, 0, 0, 0, 0, 0, 0, 0, 0, 0, 0, 0, 0, 12610, 44069, 60871, 60903, 60903, 60839, 46213, 8385, 32, 0, 0, 0, 0, 0, 0, 0, 0, 0, 0, 0, 0, 0, 0, 0, 0, 0, 0, 0, 0, 0, 0, 0, 0, 0, 0, 0, 0, 0, 0, 0, 0, 0, 0, 0, 0, 0, 0, 0
dw 0, 0, 0, 0, 0, 0, 0, 0, 0, 0, 0, 0, 0, 0, 0, 0, 0, 0, 0, 0, 0, 0, 0, 0, 0, 0, 0, 0, 0, 0, 0, 0, 0, 0, 0, 0, 0, 2080, 35684, 58759, 62951, 60903, 62951, 50374, 16770, 2112, 0, 0, 0, 0, 0, 0, 0, 0, 0, 0, 0, 0, 0, 0, 0, 0, 0, 0, 0, 0, 0, 0, 0, 0, 0, 0, 0, 0, 0, 0, 0, 0, 0, 0, 0, 4192, 20995, 50406, 62951, 60903, 62951, 56679, 29412, 0, 0, 0, 0, 0, 0, 0, 0, 0, 0, 0, 0, 0, 0, 0, 0, 0, 0, 0, 0, 0, 0, 0, 0, 0, 0, 0, 0, 0, 0, 0, 0, 0, 0, 0, 0, 0, 0, 0
dw 0, 0, 0, 0, 0, 0, 0, 0, 0, 0, 0, 0, 0, 0, 0, 0, 0, 0, 0, 0, 0, 0, 0, 0, 0, 0, 0, 0, 0, 0, 0, 0, 0, 0, 0, 0, 8385, 23107, 58791, 62951, 62951, 56679, 44069, 6305, 2080, 0, 0, 0, 0, 0, 0, 0, 0, 0, 0, 0, 0, 0, 0, 6176, 14400, 0, 0, 0, 0, 0, 0, 0, 0, 0, 0, 0, 0, 0, 0, 0, 0, 0, 0, 0, 0, 0, 2112, 10465, 44101, 58791, 62951, 62951, 58759, 18882, 6273, 0, 0, 0, 0, 0, 0, 0, 0, 0, 0, 0, 0, 0, 0, 0, 0, 0, 0, 0, 0, 0, 0, 0, 0, 0, 0, 0, 0, 0, 0, 0, 0, 0, 0, 0, 0, 0
dw 0, 0, 0, 0, 0, 0, 0, 0, 0, 0, 0, 0, 0, 0, 0, 0, 0, 0, 0, 0, 0, 0, 0, 0, 0, 0, 0, 0, 0, 0, 0, 0, 0, 0, 0, 2080, 41989, 62951, 60871, 60903, 46181, 25155, 0, 0, 0, 0, 0, 0, 0, 0, 0, 16480, 12352, 0, 0, 0, 0, 6176, 20608, 22656, 49440, 0, 0, 0, 0, 0, 0, 0, 0, 0, 0, 0, 0, 6176, 22656, 12352, 0, 0, 0, 0, 0, 0, 0, 0, 0, 29379, 50374, 60871, 60871, 62951, 35684, 0, 0, 0, 0, 0, 0, 0, 0, 0, 0, 0, 0, 0, 0, 0, 0, 0, 0, 0, 0, 0, 0, 0, 0, 0, 0, 0, 0, 0, 0, 0, 0, 0, 0, 0, 0, 0
dw 0, 0, 0, 0, 0, 0, 0, 0, 0, 0, 0, 0, 0, 0, 0, 0, 0, 0, 0, 0, 0, 0, 0, 0, 0, 0, 0, 0, 0, 0, 0, 0, 0, 0, 14690, 35684, 60903, 60903, 60871, 52486, 12577, 2080, 0, 0, 4096, 28832, 4128, 0, 8224, 12352, 20576, 39136, 30912, 6176, 28832, 6176, 0, 37056, 53536, 10304, 26784, 14432, 0, 0, 0, 0, 0, 0, 0, 2048, 2048, 2048, 0, 37056, 53568, 43264, 8224, 2048, 2048, 0, 0, 0, 0, 0, 0, 2080, 16770, 56679, 60871, 60903, 60871, 33572, 10465, 0, 0, 0, 0, 0, 0, 0, 0, 0, 0, 0, 0, 0, 0, 0, 0, 0, 0, 0, 0, 0, 0, 0, 0, 0, 0, 0, 0, 0, 0, 0, 0, 0, 0, 0
dw 0, 0, 0, 0, 0, 0, 0, 0, 0, 0, 0, 0, 0, 0, 0, 0, 0, 0, 0, 0, 0, 0, 0, 0, 0, 0, 0, 0, 0, 0, 0, 0, 0, 2080, 50374, 62983, 60871, 60871, 39877, 14690, 0, 0, 0, 0, 2048, 37056, 8224, 0, 16480, 43264, 49440, 49440, 47360, 18528, 55616, 30880, 0, 28832, 51488, 0, 4128, 10304, 0, 0, 0, 0, 14432, 10304, 0, 28832, 37088, 37088, 14432, 28832, 53568, 32960, 18528, 37088, 28832, 0, 0, 0, 0, 0, 0, 0, 0, 16802, 44069, 60903, 60871, 62983, 41989, 32, 0, 0, 0, 0, 0, 0, 0, 0, 0, 0, 0, 0, 0, 0, 0, 0, 0, 0, 0, 0, 0, 0, 0, 0, 0, 0, 0, 0, 0, 0, 0, 0, 0, 0
dw 0, 0, 0, 0, 0, 0, 0, 0, 0, 0, 0, 0, 0, 0, 0, 0, 0, 0, 0, 0, 0, 0, 0, 0, 0, 0, 0, 0, 0, 0, 0, 0, 2112, 33604, 62951, 60871, 58759, 48262, 6273, 0, 0, 0, 6176, 4128, 4128, 6176, 10304, 18528, 14432, 55616, 53568, 53568, 53568, 45312, 51488, 37088, 0, 4096, 10304, 22656, 39136, 0, 0, 0, 0, 0, 41184, 18528, 0, 39136, 28832, 26784, 26784, 4096, 35008, 4128, 4128, 28832, 16480, 4128, 6176, 0, 0, 0, 0, 0, 0, 0, 8385, 52486, 58791, 60871, 60871, 29380, 2080, 0, 0, 0, 0, 0, 0, 0, 0, 0, 0, 0, 0, 0, 0, 0, 0, 0, 0, 0, 0, 0, 0, 0, 0, 0, 0, 0, 0, 0, 0, 0, 0, 0
dw 0, 0, 0, 0, 0, 0, 0, 0, 0, 0, 0, 0, 0, 0, 0, 0, 0, 0, 0, 0, 0, 0, 0, 0, 0, 0, 0, 0, 0, 0, 0, 0, 23075, 58791, 60871, 60871, 33572, 8385, 0, 0, 0, 0, 26784, 22656, 32960, 12352, 12352, 24704, 16480, 55616, 55616, 53568, 55616, 49440, 26784, 10304, 0, 0, 2048, 45312, 43264, 0, 0, 0, 10304, 10304, 10304, 35008, 6176, 6176, 4128, 43264, 49440, 8256, 6176, 0, 0, 8224, 12352, 30912, 32960, 0, 6176, 0, 0, 8224, 0, 0, 0, 10465, 37796, 62951, 60871, 58759, 16770, 0, 0, 0, 0, 0, 0, 0, 0, 0, 0, 0, 0, 0, 0, 0, 0, 0, 0, 0, 0, 0, 0, 0, 0, 0, 0, 0, 0, 0, 0, 0, 0, 0
dw 0, 0, 0, 0, 0, 0, 0, 0, 0, 0, 0, 0, 0, 0, 0, 0, 0, 0, 0, 0, 0, 0, 0, 0, 0, 0, 0, 0, 0, 0, 0, 10497, 56711, 60871, 60903, 44101, 0, 0, 0, 0, 0, 0, 0, 0, 26784, 35008, 28832, 24704, 10304, 49440, 37088, 49440, 45312, 32960, 18528, 2048, 0, 12352, 0, 14432, 20608, 8224, 4096, 8224, 37088, 43264, 0, 26784, 20608, 0, 0, 45312, 47392, 26784, 0, 0, 0, 18528, 37088, 45312, 43264, 6176, 35008, 2048, 10304, 24736, 16480, 2048, 0, 0, 2112, 50374, 60903, 60871, 52486, 8385, 0, 0, 0, 0, 0, 0, 0, 0, 0, 0, 0, 0, 0, 0, 0, 0, 0, 0, 0, 0, 0, 0, 0, 0, 0, 0, 0, 0, 0, 0, 0, 0
dw 0, 0, 0, 0, 0, 0, 0, 0, 0, 0, 0, 0, 0, 0, 0, 0, 0, 0, 0, 0, 0, 0, 0, 0, 0, 0, 0, 0, 0, 0, 6273, 44101, 60871, 60871, 52518, 12577, 0, 0, 0, 0, 0, 0, 16480, 0, 18528, 22656, 32960, 24704, 0, 20608, 10304, 30912, 39136, 22656, 30880, 4096, 0, 20608, 0, 24704, 45312, 28832, 10304, 24704, 22656, 12352, 22656, 22656, 24704, 4128, 0, 20608, 20608, 4096, 0, 0, 2048, 14400, 8224, 41184, 53568, 18528, 43264, 8224, 26784, 26784, 53568, 26784, 8224, 0, 0, 16770, 56679, 60871, 60871, 39909, 2112, 0, 0, 0, 0, 0, 0, 0, 0, 0, 0, 0, 0, 0, 0, 0, 0, 0, 0, 0, 0, 0, 0, 0, 0, 0, 0, 0, 0, 0, 0, 0
dw 0, 0, 0, 0, 0, 0, 0, 0, 0, 0, 0, 0, 0, 0, 0, 0, 0, 0, 0, 0, 0, 0, 0, 0, 0, 0, 0, 0, 0, 0, 35716, 62951, 60871, 60871, 16770, 0, 0, 6176, 16480, 0, 0, 2048, 16480, 32960, 28832, 55616, 32960, 10304, 0, 18528, 8224, 12352, 55616, 51488, 14400, 0, 0, 0, 2048, 22656, 47360, 43264, 10304, 26784, 47360, 12352, 35008, 32960, 24704, 4128, 0, 2048, 0, 0, 0, 12352, 12352, 28832, 37088, 55616, 53568, 39136, 55616, 39136, 41184, 55616, 53568, 55616, 41216, 2048, 0, 0, 23107, 60871, 60871, 62951, 29379, 0, 0, 0, 0, 0, 0, 0, 0, 0, 0, 0, 0, 0, 0, 0, 0, 0, 0, 0, 0, 0, 0, 0, 0, 0, 0, 0, 0, 0, 0, 0
dw 0, 0, 0, 0, 0, 0, 0, 0, 0, 0, 0, 0, 0, 0, 0, 0, 0, 0, 0, 0, 0, 0, 0, 0, 0, 0, 0, 0, 0, 23075, 58791, 60871, 60871, 33572, 0, 0, 2048, 32960, 26784, 0, 2048, 35008, 14432, 32960, 41184, 53568, 43264, 2048, 0, 12352, 0, 22656, 32960, 24704, 10304, 0, 0, 0, 24704, 37056, 49440, 55616, 39136, 47360, 53568, 43264, 8224, 8224, 4128, 0, 0, 32960, 16480, 2048, 0, 8224, 26784, 8224, 18528, 18528, 51488, 55616, 53568, 55616, 55616, 53568, 53568, 53568, 55616, 26784, 0, 0, 2112, 37796, 60871, 60871, 56679, 18850, 0, 0, 0, 0, 0, 0, 0, 0, 0, 0, 0, 0, 0, 0, 0, 0, 0, 0, 0, 0, 0, 0, 0, 0, 0, 0, 0, 0, 0, 0
dw 0, 0, 0, 0, 0, 0, 0, 0, 0, 0, 0, 0, 0, 0, 0, 0, 0, 0, 0, 0, 0, 0, 0, 0, 0, 0, 0, 0, 12577, 56647, 60871, 62951, 44069, 4192, 0, 0, 24704, 53568, 30880, 12352, 22656, 24704, 43264, 10304, 22656, 37088, 18528, 16480, 0, 0, 0, 8224, 8224, 4128, 26784, 10304, 0, 6176, 10304, 51488, 53568, 53568, 55616, 55616, 53568, 55616, 41184, 37088, 37088, 8224, 4128, 49440, 49440, 16480, 18528, 0, 12352, 4128, 6176, 26784, 53568, 53568, 53568, 53568, 53568, 53568, 53568, 53568, 53568, 51488, 18528, 0, 0, 6305, 48294, 60903, 60903, 54566, 6273, 0, 0, 0, 0, 0, 0, 0, 0, 0, 0, 0, 0, 0, 0, 0, 0, 0, 0, 0, 0, 0, 0, 0, 0, 0, 0, 0, 0, 0
dw 0, 0, 0, 0, 0, 0, 0, 0, 0, 0, 0, 0, 0, 0, 0, 0, 0, 0, 0, 0, 0, 0, 0, 0, 0, 0, 0, 4225, 46181, 60871, 60871, 54566, 8385, 0, 0, 10304, 51488, 53568, 51488, 26784, 51488, 14400, 41216, 49440, 49440, 45312, 14432, 2048, 0, 0, 12352, 12352, 26784, 24704, 51488, 41184, 4128, 26784, 12352, 30912, 53568, 53568, 53568, 53568, 53568, 53568, 41184, 8224, 6176, 10304, 30912, 53568, 53568, 26784, 49440, 0, 37088, 32960, 43264, 51488, 53568, 53568, 53568, 53568, 53568, 53568, 53568, 53568, 53568, 53568, 49440, 6176, 0, 0, 14658, 56647, 60871, 60903, 39877, 4192, 0, 0, 0, 0, 0, 0, 0, 0, 0, 0, 0, 0, 0, 0, 0, 0, 0, 0, 0, 0, 0, 0, 0, 0, 0, 0, 0, 0
dw 0, 0, 0, 0, 0, 0, 0, 0, 0, 0, 0, 0, 0, 0, 0, 0, 0, 0, 0, 0, 0, 0, 0, 0, 0, 0, 0, 35684, 60871, 60871, 58759, 20994, 0, 0, 6176, 43264, 53568, 53568, 53568, 53568, 53568, 51488, 53568, 55616, 55616, 30880, 22656, 0, 0, 0, 32960, 47360, 53568, 53568, 53568, 53568, 30912, 28832, 51488, 51488, 53568, 53568, 53568, 53568, 53568, 53568, 53568, 26784, 18528, 45312, 53568, 53568, 53568, 53568, 53568, 10304, 26784, 35008, 51488, 53568, 53568, 53568, 53568, 53568, 53568, 53568, 53568, 53568, 53568, 53568, 53568, 37088, 4128, 0, 0, 25187, 60871, 60871, 60871, 29379, 0, 0, 0, 0, 0, 0, 0, 0, 0, 0, 0, 0, 0, 0, 0, 0, 0, 0, 0, 0, 0, 0, 0, 0, 0, 0, 0, 16802
dw 29380, 29380, 29380, 29380, 29380, 29380, 29380, 29380, 29380, 29380, 29380, 29380, 29380, 29380, 29380, 29380, 29380, 29380, 29380, 29380, 29380, 29380, 29380, 29380, 29380, 29380, 31460, 60903, 60871, 60903, 31460, 0, 0, 0, 37088, 53568, 53568, 53568, 53568, 53568, 53568, 53568, 53568, 53568, 53568, 41184, 6176, 14432, 10304, 26784, 26784, 45312, 53568, 53568, 53568, 53568, 53568, 53568, 53568, 53568, 53568, 53568, 53568, 53568, 53568, 53568, 53568, 53568, 53568, 53568, 53568, 53568, 53568, 53568, 53568, 43264, 26784, 26784, 49440, 53568, 53568, 53568, 53568, 53568, 53568, 53568, 53568, 53568, 53568, 53568, 53568, 53568, 30880, 0, 0, 32, 37796, 60903, 60871, 58791, 29380, 29380, 29380, 29380, 29380, 29380, 29380, 29380, 29380, 29380, 29380, 29380, 29380, 29380, 29380, 29380, 29380, 29380, 29380, 29380, 29380, 29380, 29380, 29380, 29380, 29380, 29380, 35652
dw 62951, 62951, 62951, 62951, 62951, 62951, 62951, 62951, 62951, 62951, 62951, 62951, 62951, 62951, 62951, 62951, 62951, 62951, 62951, 62951, 62951, 62951, 62951, 62951, 62951, 62951, 62951, 60871, 60871, 46149, 4192, 0, 0, 18528, 55616, 53568, 53568, 53568, 53568, 53568, 53568, 53568, 53568, 53568, 53568, 55616, 35008, 45312, 10304, 43264, 55616, 53568, 53568, 53568, 53568, 53568, 53568, 53568, 53568, 53568, 53568, 53568, 53568, 53568, 53568, 53568, 53568, 53568, 53568, 53568, 53568, 53568, 53568, 53568, 53568, 55616, 55616, 55616, 53568, 53568, 53568, 53568, 53568, 53568, 53568, 53568, 53568, 53568, 53568, 53568, 53568, 53568, 51488, 16480, 0, 0, 8353, 50374, 60871, 60871, 62951, 62951, 62951, 62951, 62951, 62951, 62951, 62951, 62951, 62951, 62951, 62951, 62951, 62951, 62951, 62951, 62951, 62951, 62951, 62951, 62951, 62951, 62951, 62951, 62951, 62951, 62951, 33604
dw 60871, 60871, 62951, 62951, 62951, 62951, 62951, 62951, 62951, 62951, 62951, 62951, 62951, 62951, 62951, 62951, 62951, 62951, 62951, 62951, 62951, 62951, 62951, 62951, 62951, 62951, 62951, 62951, 52486, 8385, 0, 0, 16480, 51488, 55616, 55616, 55616, 55616, 55616, 55616, 55616, 55616, 55616, 55616, 55616, 55616, 55616, 55616, 43264, 49440, 55616, 55616, 55616, 55616, 55616, 55616, 55616, 55616, 55616, 55616, 55616, 55616, 55616, 55616, 55616, 55616, 55616, 55616, 55616, 55616, 55616, 55616, 55616, 55616, 55616, 55616, 55616, 55616, 55616, 55616, 55616, 55616, 55616, 55616, 55616, 55616, 55616, 55616, 55616, 55616, 55616, 55616, 55616, 49440, 10304, 0, 0, 10497, 58759, 62951, 62951, 62951, 62951, 62951, 62951, 62951, 62951, 62951, 62951, 62951, 62951, 62951, 62951, 62951, 62951, 62951, 62951, 62951, 62951, 62951, 62951, 62951, 62951, 62951, 62951, 60871, 60871, 33604
dw 60871, 60871, 54599, 54599, 54599, 54599, 54599, 54599, 54599, 54599, 54599, 54599, 54599, 54599, 54599, 54599, 54599, 54599, 54599, 54599, 54599, 54599, 54599, 54599, 54599, 54599, 54599, 54599, 20994, 0, 0, 0, 39136, 49440, 49440, 49440, 49440, 49440, 49440, 49440, 49440, 49440, 49440, 49440, 49440, 49440, 49440, 49440, 49440, 49440, 49440, 49440, 49440, 49440, 49440, 49440, 49440, 49440, 49440, 49440, 49440, 49440, 49440, 49440, 49440, 49440, 49440, 49440, 49440, 49440, 49440, 49440, 49440, 49440, 49440, 49440, 49440, 49440, 49440, 49440, 49440, 49440, 49440, 49440, 49440, 49440, 49440, 49440, 49440, 49440, 49440, 49440, 49440, 49440, 32960, 0, 0, 0, 27299, 54599, 54599, 54599, 54599, 54599, 54599, 54599, 54599, 54599, 54599, 54599, 54599, 54599, 54599, 54599, 54599, 54599, 54599, 54599, 54599, 54599, 54599, 54599, 54599, 54599, 56647, 60871, 60871, 33604
dw 60871, 60871, 6273, 6273, 6273, 6273, 6273, 6273, 6273, 6273, 6273, 6273, 6273, 6273, 6273, 6273, 6273, 6273, 6273, 6273, 6273, 6273, 6273, 6273, 6273, 6273, 6273, 6273, 2080, 0, 0, 0, 4128, 4128, 4128, 4128, 4128, 4128, 4128, 4128, 4128, 4128, 4128, 4128, 4128, 4128, 4128, 4128, 4128, 4128, 4128, 4128, 4128, 4128, 4128, 4128, 4128, 4128, 4128, 4128, 4128, 4128, 4128, 4128, 4128, 4128, 4128, 4128, 4128, 4128, 4128, 4128, 4128, 4128, 4128, 4128, 4128, 4128, 4128, 4128, 4128, 4128, 4128, 4128, 4128, 4128, 4128, 4128, 4128, 4128, 4128, 4128, 4128, 4128, 4128, 0, 0, 0, 2080, 6273, 6273, 6273, 6273, 6273, 6273, 6273, 6273, 6273, 6273, 6273, 6273, 6273, 6273, 6273, 6273, 6273, 6273, 6273, 6273, 6273, 6273, 6273, 6273, 6273, 12577, 60871, 60871, 33604
dw 60871, 60871, 0, 0, 0, 0, 0, 0, 0, 0, 0, 0, 0, 0, 0, 0, 0, 0, 0, 0, 0, 0, 0, 0, 0, 0, 0, 0, 0, 0, 0, 0, 0, 0, 0, 0, 0, 0, 0, 0, 0, 0, 0, 0, 0, 0, 0, 0, 0, 0, 0, 0, 0, 0, 0, 0, 0, 0, 0, 0, 0, 0, 0, 0, 0, 0, 0, 0, 0, 0, 0, 0, 0, 0, 0, 0, 0, 0, 0, 0, 0, 0, 0, 0, 0, 0, 0, 0, 0, 0, 0, 0, 0, 0, 0, 0, 0, 0, 0, 0, 0, 0, 0, 0, 0, 0, 0, 0, 0, 0, 0, 0, 0, 0, 0, 0, 0, 0, 0, 0, 0, 0, 0, 0, 6305, 60871, 60871, 33604
dw 60871, 60871, 0, 0, 0, 0, 0, 27469, 29614, 29614, 29614, 29614, 6371, 0, 0, 0, 0, 0, 0, 0, 0, 0, 0, 0, 0, 0, 0, 0, 0, 0, 0, 0, 0, 0, 0, 0, 0, 0, 0, 0, 0, 0, 0, 0, 0, 0, 0, 0, 0, 0, 0, 0, 0, 0, 0, 0, 0, 0, 0, 0, 0, 0, 0, 0, 0, 0, 0, 0, 0, 0, 0, 0, 0, 0, 0, 0, 0, 14791, 29614, 29614, 29614, 29614, 0, 0, 0, 0, 0, 0, 0, 0, 0, 0, 0, 0, 0, 0, 0, 0, 0, 0, 0, 0, 0, 0, 0, 0, 0, 0, 0, 0, 0, 0, 0, 0, 0, 0, 0, 0, 0, 0, 0, 0, 0, 0, 6305, 60871, 60871, 33604
dw 60871, 60871, 0, 0, 0, 6339, 40179, 61309, 63454, 63454, 63454, 63454, 46486, 23243, 32, 0, 0, 0, 0, 0, 0, 0, 0, 0, 0, 0, 0, 0, 0, 0, 0, 0, 0, 0, 0, 0, 0, 0, 0, 0, 0, 0, 0, 0, 0, 0, 0, 0, 0, 0, 0, 0, 0, 0, 0, 0, 0, 0, 0, 0, 0, 0, 0, 0, 0, 0, 0, 0, 0, 0, 0, 0, 0, 0, 0, 0, 0, 31695, 63454, 63389, 63422, 63454, 0, 0, 0, 0, 0, 0, 0, 0, 0, 0, 0, 0, 0, 0, 0, 0, 0, 0, 0, 0, 0, 0, 0, 0, 0, 0, 0, 0, 0, 0, 0, 0, 0, 0, 0, 2145, 0, 0, 0, 0, 0, 0, 6305, 60871, 60871, 33604
dw 60871, 60871, 0, 0, 0, 10565, 65535, 65535, 65470, 65438, 65470, 65535, 65535, 57083, 8420, 0, 0, 0, 32, 2113, 2113, 32, 2113, 2113, 2113, 0, 2081, 2113, 2113, 2081, 0, 0, 0, 2113, 2081, 2113, 2113, 2113, 32, 0, 0, 0, 0, 2113, 2113, 2113, 0, 0, 0, 2113, 0, 0, 0, 0, 0, 2113, 32, 0, 0, 0, 2113, 2113, 2113, 32, 0, 0, 0, 0, 0, 2113, 32, 0, 0, 0, 0, 0, 0, 31695, 65535, 60722, 65437, 65535, 0, 0, 0, 0, 0, 0, 2081, 2113, 2113, 2113, 0, 0, 0, 0, 0, 2113, 2113, 2113, 2113, 2113, 2113, 2113, 0, 0, 0, 2113, 0, 0, 2113, 2113, 2113, 32, 0, 0, 32, 31695, 2113, 0, 0, 0, 0, 0, 6305, 60871, 60871, 33604
dw 60871, 60871, 0, 0, 0, 10565, 65535, 65535, 60690, 56105, 58185, 63259, 65535, 65535, 19017, 0, 0, 8420, 27501, 57051, 57051, 27501, 57051, 57051, 57051, 2113, 38066, 57051, 57051, 29582, 0, 0, 23243, 57051, 40179, 44373, 57051, 57051, 27469, 0, 0, 0, 2113, 57051, 57051, 57051, 8484, 6339, 25324, 57051, 8420, 0, 0, 2113, 12678, 50744, 29614, 0, 0, 0, 42292, 57051, 57051, 25356, 0, 0, 0, 0, 4258, 46550, 33808, 8484, 0, 0, 0, 0, 0, 31695, 65535, 58414, 65404, 65535, 0, 0, 0, 0, 0, 0, 33808, 57051, 57051, 57051, 12710, 0, 0, 0, 14823, 57051, 57051, 57051, 57051, 57051, 57051, 42292, 0, 0, 10565, 57051, 23243, 6339, 46518, 57051, 57051, 21130, 0, 0, 25356, 61341, 57051, 16936, 6307, 0, 0, 0, 6305, 60871, 60871, 33604
dw 60871, 60871, 0, 0, 0, 10565, 65535, 65535, 65372, 63226, 63194, 60559, 65437, 65535, 46518, 0, 4226, 42260, 59196, 63129, 62999, 59099, 65535, 63226, 65535, 2113, 44405, 65372, 65437, 33840, 0, 0, 54938, 63194, 61341, 63422, 63292, 65437, 31695, 0, 0, 0, 2113, 65535, 63226, 65535, 25356, 38066, 59066, 65372, 42260, 4226, 8420, 23243, 57051, 63161, 59228, 12678, 0, 0, 48663, 63291, 65470, 29582, 0, 0, 0, 2081, 33808, 63357, 59033, 46518, 16904, 0, 0, 0, 0, 31695, 65535, 58414, 65404, 65535, 0, 0, 0, 0, 0, 0, 38098, 65535, 63226, 65535, 14823, 0, 0, 0, 19017, 65535, 63226, 65535, 65535, 65470, 63291, 48663, 0, 0, 38066, 63292, 57018, 29582, 54970, 63259, 65502, 23243, 0, 2081, 38034, 65470, 63259, 54970, 18985, 0, 0, 0, 6305, 60871, 60871, 33604
dw 60871, 60871, 0, 0, 0, 10565, 65535, 65535, 65535, 65535, 65535, 60723, 63031, 65535, 52825, 0, 33840, 65535, 60754, 58381, 58251, 60657, 63161, 58251, 65535, 2113, 44405, 60723, 63063, 33840, 0, 12710, 61146, 58446, 57051, 59164, 60657, 63129, 31695, 0, 0, 0, 2113, 65535, 58251, 65535, 50744, 65535, 63161, 60592, 65535, 33840, 19017, 61309, 65535, 60559, 63194, 52825, 8420, 0, 48663, 60592, 63194, 29582, 0, 0, 0, 21130, 65535, 60820, 62933, 65535, 50776, 2081, 0, 0, 0, 31695, 65535, 58414, 65404, 65535, 0, 0, 0, 0, 0, 0, 25324, 65503, 58251, 65535, 14823, 0, 0, 0, 19017, 65535, 58251, 63422, 50776, 63194, 60592, 48663, 0, 8420, 52792, 60592, 61081, 21130, 54970, 58382, 65404, 23243, 0, 21130, 65535, 60820, 62933, 33840, 0, 0, 0, 0, 6305, 60871, 60871, 33604
dw 60871, 60871, 0, 0, 0, 10565, 63422, 35953, 33808, 42292, 65503, 63129, 60657, 65535, 52825, 0, 59164, 60885, 58479, 63161, 65470, 60690, 60559, 58153, 65535, 2113, 44405, 60755, 63063, 35921, 2113, 35953, 60886, 60756, 40211, 48599, 60657, 63129, 31695, 0, 0, 0, 2113, 65535, 58251, 65535, 19017, 50712, 65503, 60820, 60885, 61309, 19049, 31727, 63454, 63226, 58511, 65470, 40179, 0, 48663, 60592, 63194, 29582, 0, 0, 12710, 54938, 63063, 60689, 65502, 57051, 14791, 0, 0, 0, 0, 31695, 65535, 58414, 65404, 65535, 31727, 29614, 2113, 2113, 0, 0, 2081, 63422, 58251, 65535, 14823, 0, 0, 0, 19017, 65535, 58251, 61277, 29614, 63194, 60592, 50712, 2113, 21162, 63357, 58317, 57050, 2081, 54970, 58414, 65404, 23243, 32, 46486, 63096, 60689, 63422, 8484, 0, 0, 0, 0, 6305, 60871, 60871, 33604
dw 60871, 60871, 0, 0, 0, 4194, 23243, 2113, 0, 8420, 52825, 65535, 58251, 65535, 52825, 0, 59228, 58251, 65535, 65535, 63422, 63422, 63129, 58186, 65535, 2113, 44405, 60755, 63063, 54938, 42260, 54970, 58479, 63259, 14791, 46486, 60690, 63096, 31727, 2113, 2113, 2113, 4226, 65503, 58283, 65503, 10565, 12710, 61309, 65535, 58219, 65535, 38034, 4226, 44373, 65535, 58317, 65437, 63422, 32, 48663, 60592, 63194, 29582, 0, 0, 50712, 65437, 58446, 65405, 65503, 23243, 0, 0, 0, 0, 0, 31695, 65535, 58414, 63291, 65470, 65470, 63422, 42260, 35921, 32, 0, 0, 61309, 58284, 65502, 16936, 2113, 2113, 2113, 19049, 65502, 58284, 59196, 29582, 63194, 60592, 59228, 42260, 48631, 60690, 63096, 29614, 0, 54970, 58414, 65404, 25356, 14791, 59164, 60625, 63129, 42292, 2113, 0, 0, 0, 0, 6305, 60871, 60871, 33604
dw 60871, 60871, 0, 0, 0, 0, 0, 0, 0, 0, 44405, 65535, 58283, 65535, 52825, 0, 59228, 58283, 65535, 57051, 16904, 23275, 65535, 58283, 65535, 2113, 44405, 60755, 60852, 63259, 65340, 65437, 58349, 59228, 0, 14823, 63291, 58447, 57083, 48631, 48631, 48631, 48663, 62966, 60852, 42260, 2113, 0, 29582, 65535, 60690, 63128, 57115, 10533, 8452, 59196, 63226, 60592, 65503, 29582, 48663, 60592, 63194, 29582, 0, 4226, 65535, 63227, 58480, 65535, 40147, 2113, 0, 0, 0, 0, 0, 31695, 65535, 58414, 58185, 58218, 58218, 62998, 65405, 63390, 27469, 32, 0, 31695, 63161, 60657, 52857, 48631, 48631, 48631, 52857, 60592, 63194, 29582, 29582, 63194, 58446, 63259, 63259, 65470, 58284, 61341, 12710, 0, 54970, 58414, 65404, 54970, 27501, 63259, 60592, 57018, 8420, 0, 0, 0, 0, 0, 6305, 60871, 60871, 33604
dw 60871, 60871, 0, 0, 0, 0, 0, 0, 0, 0, 44405, 65535, 58283, 65535, 52825, 0, 59228, 58283, 65535, 25388, 0, 10565, 65535, 58283, 65535, 2113, 44405, 60755, 56007, 58185, 58348, 58382, 63161, 35953, 0, 4258, 65535, 58186, 63129, 63129, 63129, 63129, 63129, 58479, 63063, 33840, 0, 0, 19017, 65535, 60788, 62966, 65535, 12710, 0, 57083, 65535, 58219, 65535, 40147, 48663, 60592, 63194, 29582, 0, 33840, 65535, 58414, 65340, 63422, 25388, 0, 0, 0, 0, 0, 0, 31695, 65535, 58414, 62998, 63128, 63128, 58413, 60592, 65470, 59196, 12710, 0, 21130, 65470, 58186, 63129, 63129, 63129, 63129, 63129, 56073, 65535, 19017, 29582, 63194, 55877, 58185, 58185, 60690, 60755, 46518, 4226, 0, 54970, 58414, 65404, 65535, 57083, 58382, 63291, 46550, 0, 0, 0, 0, 0, 0, 6305, 60871, 60871, 33604
dw 60871, 60871, 0, 0, 0, 0, 0, 0, 0, 0, 44405, 65535, 58283, 65535, 52825, 0, 59228, 58283, 65535, 19017, 0, 10565, 65535, 58283, 65535, 2113, 44405, 60755, 62998, 65437, 63161, 58153, 63063, 63422, 10597, 4258, 65535, 56040, 58185, 58185, 58185, 58185, 58185, 55942, 63063, 33840, 0, 0, 19017, 65535, 60689, 63129, 65535, 12710, 0, 57083, 63194, 60624, 65535, 40147, 48663, 60592, 63194, 29582, 0, 42260, 65535, 58251, 65535, 54970, 2081, 0, 0, 0, 0, 0, 0, 31695, 65535, 58414, 65404, 65535, 65535, 65470, 60852, 60853, 65535, 46518, 0, 21130, 65470, 55812, 58185, 58185, 58185, 58185, 58185, 55811, 65535, 19017, 29582, 63194, 60559, 65437, 65437, 58218, 60690, 63422, 25388, 0, 54970, 58414, 60820, 63292, 63292, 58446, 65535, 14823, 0, 0, 0, 0, 0, 0, 6305, 60871, 60871, 33604
dw 60871, 60871, 0, 0, 0, 0, 0, 0, 0, 0, 44405, 65535, 58283, 65535, 52825, 0, 59228, 58283, 65535, 19017, 0, 10565, 65535, 58283, 65535, 2113, 44405, 60755, 63063, 65535, 65503, 65437, 60559, 63259, 40147, 4258, 65535, 58219, 65405, 65405, 65405, 65405, 65405, 60657, 63063, 33840, 0, 0, 33840, 65535, 58220, 65502, 54970, 8452, 12678, 61277, 58317, 65405, 65503, 25356, 48663, 60592, 63194, 29582, 6339, 50744, 63259, 58479, 65535, 40147, 0, 0, 0, 0, 0, 0, 0, 31695, 65535, 58414, 65404, 65535, 40211, 59164, 65470, 60624, 63161, 54970, 8484, 21130, 65470, 58252, 65405, 65405, 65405, 65405, 65405, 58186, 65535, 19017, 29582, 63194, 60592, 65535, 65535, 65437, 60690, 63096, 54970, 0, 54970, 58414, 58251, 60592, 60625, 63128, 54970, 8452, 0, 0, 0, 0, 0, 0, 6305, 60871, 60871, 33604
dw 60871, 60871, 0, 0, 0, 0, 0, 0, 0, 0, 44405, 65535, 58283, 65535, 52825, 0, 59228, 58283, 65535, 19017, 0, 10565, 65535, 58283, 65535, 2113, 44405, 60755, 63063, 48599, 35921, 65503, 62966, 60756, 54970, 12678, 44405, 60787, 62999, 57051, 29582, 40179, 65502, 58479, 59066, 14791, 0, 21130, 63390, 60787, 62998, 65535, 35921, 6339, 50744, 63226, 60592, 65502, 61341, 0, 48663, 60592, 63194, 29582, 19017, 65535, 60788, 62966, 65535, 12710, 0, 0, 0, 0, 0, 0, 0, 31695, 65535, 58414, 65404, 65535, 0, 23275, 65535, 63194, 60560, 65535, 27469, 8484, 52857, 60592, 63259, 48599, 29582, 48631, 63194, 60592, 52825, 8452, 29582, 63194, 60592, 57051, 29582, 63422, 65470, 58285, 61309, 19017, 54970, 58414, 65404, 62933, 58219, 65535, 38034, 0, 0, 0, 0, 0, 0, 0, 6305, 60871, 60871, 33604
dw 60871, 60871, 0, 0, 0, 0, 0, 0, 0, 0, 44405, 65535, 58283, 65535, 52825, 0, 59228, 58283, 65535, 19017, 0, 10565, 65535, 58283, 65535, 2113, 44405, 60755, 63063, 33840, 4226, 46486, 63292, 58446, 65535, 19017, 29582, 63194, 60592, 48663, 0, 21130, 65470, 58316, 57083, 0, 8452, 54970, 63161, 60592, 65535, 59228, 12710, 38034, 65535, 60559, 63226, 65503, 35921, 0, 48663, 60592, 63194, 29582, 19017, 65535, 60820, 62998, 65535, 12710, 0, 0, 0, 0, 0, 0, 0, 31695, 65535, 58414, 65404, 65535, 0, 4258, 63422, 65437, 60559, 65405, 50744, 2081, 44405, 60723, 63063, 33840, 0, 35953, 62998, 60788, 42260, 0, 29582, 63194, 60592, 48663, 0, 35921, 63422, 60624, 63226, 33840, 54970, 58414, 65404, 65535, 60657, 63129, 54970, 8452, 0, 0, 0, 0, 0, 0, 6305, 60871, 60871, 33604
dw 60871, 60871, 0, 0, 0, 0, 0, 0, 0, 0, 44405, 65535, 58283, 65535, 52825, 0, 59228, 58283, 65535, 19017, 0, 10565, 65535, 58283, 65535, 2113, 44405, 60755, 63063, 33840, 0, 8452, 61309, 58251, 65535, 19017, 29582, 63194, 60592, 48663, 0, 21130, 65470, 58348, 57083, 0, 19017, 65535, 60821, 60853, 61341, 25388, 4226, 54938, 65405, 58317, 65535, 44373, 4258, 0, 48663, 60592, 63194, 29582, 14823, 61341, 60885, 60853, 65535, 19017, 0, 0, 0, 0, 0, 0, 0, 31695, 65535, 58414, 65404, 65535, 0, 32, 38034, 65535, 58447, 63259, 65535, 2113, 44405, 60755, 63063, 33840, 0, 35953, 62998, 60820, 42260, 0, 29582, 63194, 60592, 48663, 0, 4258, 48631, 60723, 63063, 33840, 54970, 58414, 65404, 65535, 65372, 58479, 65405, 19017, 0, 0, 0, 0, 0, 0, 6305, 60871, 60871, 33604
dw 60871, 60871, 0, 0, 0, 0, 0, 0, 0, 0, 44405, 65535, 58283, 65535, 52825, 0, 59228, 58283, 65535, 19017, 0, 10565, 65535, 58283, 65535, 2113, 44405, 60755, 63063, 33840, 0, 0, 59228, 58283, 65535, 19017, 29582, 63194, 60592, 48663, 0, 21130, 65470, 58316, 57083, 0, 48631, 65535, 58349, 65437, 44405, 2113, 25356, 63422, 60657, 63161, 65535, 8452, 0, 0, 48663, 60592, 63194, 29582, 2113, 44405, 65437, 58349, 65535, 48631, 0, 0, 0, 0, 0, 0, 0, 31695, 65535, 58414, 65404, 65535, 0, 0, 29582, 65535, 58479, 63291, 65535, 2113, 44405, 60723, 63063, 33840, 0, 35953, 62998, 60788, 42260, 0, 29582, 63194, 60592, 48663, 0, 0, 44405, 60755, 63063, 33840, 54970, 58414, 65404, 57115, 65535, 63194, 60560, 48631, 0, 0, 0, 0, 0, 0, 6305, 60871, 60871, 33604
dw 60871, 60871, 0, 0, 0, 0, 0, 0, 0, 0, 44405, 65535, 58283, 65535, 52825, 0, 59228, 58283, 65535, 19017, 0, 10565, 65535, 58283, 65535, 2113, 44405, 60755, 63063, 33840, 0, 10565, 61309, 58251, 65535, 19017, 19049, 61114, 60560, 54873, 8420, 33808, 63096, 60690, 44405, 0, 54970, 65535, 58251, 65535, 42260, 0, 29582, 65535, 58479, 63259, 65535, 2113, 0, 0, 48663, 60592, 63194, 29582, 0, 42260, 65535, 58219, 65535, 57115, 8484, 0, 0, 0, 0, 0, 0, 31695, 65535, 58414, 65404, 65535, 0, 0, 29582, 65535, 58479, 63291, 65535, 2113, 31727, 62966, 60788, 44373, 6371, 44405, 60755, 63031, 29582, 0, 29582, 63194, 60592, 48663, 0, 6339, 50744, 60723, 63063, 33840, 54970, 58414, 65404, 27469, 52857, 65437, 58447, 57018, 8484, 0, 0, 0, 0, 0, 6305, 60871, 60871, 33604
dw 60871, 60871, 0, 0, 0, 0, 0, 0, 0, 0, 44405, 65535, 58283, 65535, 52825, 0, 59228, 58283, 65535, 19017, 0, 10565, 65535, 58283, 65535, 2113, 44405, 60755, 63063, 33840, 6339, 46518, 63259, 58479, 65535, 18985, 2081, 52825, 58447, 63259, 25356, 61277, 58284, 65470, 16936, 0, 54938, 65535, 58251, 65535, 42292, 0, 27501, 65535, 58479, 63259, 65535, 2145, 0, 0, 48663, 60592, 63194, 29582, 0, 23243, 65535, 60755, 63063, 65503, 29614, 0, 0, 0, 0, 0, 0, 31695, 65535, 58414, 65404, 65535, 0, 2113, 44405, 65535, 58447, 63259, 65503, 2113, 4226, 65502, 58284, 63422, 23243, 63454, 58284, 65502, 2113, 0, 29582, 63194, 60592, 50712, 32, 38066, 63422, 60592, 63259, 33808, 54970, 58414, 65404, 23243, 14823, 57083, 60625, 63097, 29614, 0, 0, 0, 0, 0, 6305, 60871, 60871, 33604
dw 60871, 60871, 0, 0, 0, 0, 0, 0, 0, 0, 44405, 65535, 58283, 65535, 52825, 0, 59228, 58283, 65535, 19017, 0, 10565, 65535, 58283, 65535, 2113, 44405, 60755, 63063, 50744, 40179, 65535, 62966, 60788, 52857, 8452, 0, 52825, 58479, 63291, 46518, 63454, 58283, 65535, 14823, 0, 33808, 65535, 60657, 63161, 54938, 8484, 12710, 59164, 63063, 60755, 65535, 25356, 0, 0, 48663, 60592, 63194, 29582, 0, 0, 65535, 65372, 58350, 65535, 48631, 4226, 0, 0, 0, 0, 0, 31695, 65535, 58414, 65404, 65535, 0, 4258, 65535, 65372, 60559, 65437, 44405, 32, 2113, 65535, 58283, 65535, 46486, 65535, 58283, 65535, 0, 0, 29582, 63194, 60592, 57115, 33840, 63454, 65470, 58284, 61309, 16872, 54970, 58414, 65404, 23243, 0, 46518, 63128, 60690, 48631, 4226, 0, 0, 0, 0, 6305, 60871, 60871, 33604
dw 60871, 60871, 0, 0, 0, 0, 0, 0, 0, 0, 44405, 65535, 58283, 65535, 52825, 0, 59228, 58283, 65535, 19017, 0, 10565, 65535, 58283, 65535, 2113, 44405, 60755, 63063, 65535, 65470, 63291, 58511, 63291, 38034, 0, 0, 52825, 58479, 63259, 65535, 65535, 58251, 65535, 14823, 0, 12678, 63390, 62999, 60723, 65535, 46550, 4194, 48599, 65535, 58252, 65470, 59164, 19017, 0, 48663, 60592, 63194, 29582, 0, 0, 33840, 63389, 60625, 63129, 65535, 38066, 2113, 0, 0, 0, 0, 31695, 65535, 58414, 65404, 65535, 6339, 35921, 65535, 63096, 60626, 63422, 23275, 0, 2113, 65535, 58251, 65535, 65535, 65535, 58251, 65535, 0, 0, 29582, 63194, 60592, 65535, 65535, 63291, 60625, 63161, 52857, 0, 54970, 58414, 65404, 23243, 0, 19017, 65535, 58285, 65437, 12646, 0, 0, 0, 0, 6305, 60871, 60871, 33604
dw 60871, 60871, 0, 0, 0, 0, 0, 0, 0, 0, 44405, 65535, 58283, 65535, 52825, 0, 59228, 58283, 65535, 19017, 0, 10565, 65535, 58283, 65535, 2113, 44405, 60755, 62966, 65404, 63128, 56072, 63128, 63390, 8484, 0, 0, 48631, 60592, 63161, 65404, 65404, 58284, 63422, 14791, 0, 2145, 40179, 65405, 58446, 65437, 63454, 31695, 19049, 63422, 60885, 60852, 65535, 52889, 2145, 48663, 60592, 63194, 29582, 0, 0, 4258, 48599, 63292, 58478, 65470, 61341, 23243, 0, 0, 0, 0, 31695, 65535, 58414, 65404, 65535, 50744, 61309, 65470, 58479, 63292, 52857, 6307, 0, 2113, 63390, 58316, 65404, 65404, 65404, 58316, 63390, 0, 0, 29582, 63194, 58479, 65404, 65404, 58153, 60755, 63422, 23275, 0, 54970, 58414, 65404, 23243, 0, 4226, 63390, 63031, 60820, 40179, 0, 0, 0, 0, 6305, 60871, 60871, 33604
dw 60871, 60871, 0, 0, 0, 0, 0, 0, 0, 0, 44405, 65535, 58283, 65535, 52825, 0, 59228, 58512, 65535, 19017, 0, 10565, 65535, 58512, 65535, 2113, 44405, 60885, 56072, 58153, 58348, 63291, 61277, 21162, 0, 0, 0, 14791, 65437, 58283, 58153, 58153, 62966, 42260, 2081, 0, 0, 4194, 50744, 65405, 60625, 63454, 48631, 10565, 29582, 63389, 60592, 65470, 54970, 27501, 48663, 60755, 63259, 29582, 0, 0, 0, 8452, 57083, 63161, 60820, 61309, 48631, 2113, 0, 0, 0, 31695, 65535, 58414, 65404, 65535, 65535, 63161, 60657, 63096, 65535, 40179, 0, 0, 0, 29614, 63226, 58153, 58153, 58153, 63291, 27469, 0, 0, 29582, 63259, 56040, 58153, 58153, 63227, 65438, 31727, 2081, 0, 54970, 60658, 65437, 23243, 0, 0, 31727, 65502, 56986, 38066, 0, 0, 0, 0, 6305, 60871, 60871, 33604
dw 60871, 60871, 0, 0, 0, 0, 0, 0, 0, 0, 44405, 65535, 58251, 65535, 52825, 0, 59196, 63357, 65535, 18985, 0, 10565, 65535, 63357, 65535, 2113, 44373, 65437, 63259, 63259, 63324, 52889, 33840, 2113, 0, 0, 0, 10565, 65535, 63292, 63259, 63259, 65470, 38066, 0, 0, 0, 0, 16904, 57083, 56953, 42260, 6371, 2081, 4194, 44405, 63357, 46453, 19017, 4226, 48631, 65437, 65502, 27501, 0, 0, 0, 0, 23243, 61276, 54840, 35921, 6371, 0, 0, 0, 0, 31695, 65535, 58382, 60755, 60852, 60852, 58446, 60722, 65470, 54938, 8484, 0, 0, 0, 25388, 65502, 63259, 63259, 63259, 65502, 23243, 0, 0, 27501, 65502, 63291, 63259, 63259, 59163, 42324, 4226, 0, 0, 54938, 63357, 65503, 23243, 0, 0, 27501, 48631, 25356, 4258, 12678, 32, 12710, 8452, 12611, 60871, 60871, 33604
dw 60871, 60871, 0, 0, 0, 0, 0, 0, 0, 0, 44405, 65535, 60788, 65535, 52825, 0, 33840, 38034, 38034, 10565, 0, 6339, 38034, 38034, 38034, 2081, 25356, 38034, 38034, 38034, 38034, 16904, 0, 0, 0, 0, 0, 6339, 38034, 38034, 38034, 38034, 38034, 21162, 0, 0, 0, 0, 0, 23275, 23275, 0, 0, 0, 0, 8452, 38034, 2081, 0, 0, 27501, 38034, 38034, 16904, 0, 0, 0, 0, 0, 29582, 16936, 0, 0, 0, 0, 0, 0, 31695, 65535, 60885, 58349, 58349, 58349, 63194, 65535, 42292, 16936, 0, 0, 0, 0, 14791, 38034, 38034, 38034, 38034, 38034, 12710, 0, 0, 16904, 38034, 38034, 38034, 38034, 25356, 0, 0, 0, 0, 31695, 38034, 38034, 12710, 0, 0, 16904, 6371, 0, 0, 40147, 2113, 42260, 25388, 23208, 60871, 60871, 33604
dw 60871, 60871, 0, 0, 0, 0, 0, 0, 0, 0, 44405, 65535, 65502, 61309, 48631, 0, 2081, 2081, 2081, 0, 0, 0, 2081, 2081, 2081, 0, 32, 2081, 2081, 2081, 2081, 0, 0, 0, 0, 0, 0, 0, 2081, 2081, 2081, 2081, 2081, 32, 0, 0, 0, 0, 0, 32, 32, 0, 0, 0, 0, 0, 2081, 0, 0, 0, 2081, 2081, 2081, 0, 0, 0, 0, 0, 0, 2081, 32, 0, 0, 0, 0, 0, 0, 29582, 61309, 61277, 61244, 61244, 61244, 59163, 27501, 6371, 32, 0, 0, 0, 0, 0, 2081, 2081, 2081, 2081, 2081, 0, 0, 0, 0, 2081, 2081, 2081, 2081, 32, 0, 0, 0, 0, 2081, 2081, 2081, 0, 0, 0, 0, 0, 0, 32, 40211, 6307, 42324, 48599, 23208, 60871, 60871, 33604
dw 60871, 60871, 0, 0, 0, 0, 0, 0, 0, 0, 42292, 63422, 57115, 19049, 16872, 0, 0, 0, 0, 0, 0, 0, 0, 0, 0, 0, 0, 0, 0, 0, 0, 0, 0, 0, 0, 0, 0, 0, 0, 0, 0, 0, 0, 0, 0, 0, 0, 0, 0, 0, 0, 0, 0, 0, 0, 0, 0, 0, 0, 0, 0, 0, 0, 0, 0, 0, 0, 0, 0, 0, 0, 0, 0, 0, 0, 0, 0, 8484, 19049, 19049, 19049, 19049, 19049, 19017, 0, 0, 0, 0, 0, 0, 0, 0, 0, 0, 0, 0, 0, 0, 0, 0, 0, 0, 0, 0, 0, 0, 0, 0, 0, 0, 0, 0, 0, 0, 0, 0, 0, 0, 0, 10565, 57051, 31695, 42260, 38066, 23176, 60871, 60871, 33604
dw 60871, 60871, 0, 0, 0, 0, 0, 0, 0, 0, 8452, 12646, 10565, 0, 0, 0, 0, 0, 0, 0, 0, 0, 0, 0, 0, 0, 0, 0, 0, 0, 0, 0, 0, 0, 0, 0, 0, 0, 0, 0, 0, 0, 0, 0, 0, 0, 0, 0, 0, 0, 0, 0, 0, 0, 0, 0, 0, 0, 0, 0, 0, 0, 0, 0, 0, 0, 0, 0, 0, 0, 0, 0, 0, 0, 0, 0, 0, 0, 0, 0, 0, 0, 0, 0, 0, 0, 0, 0, 0, 0, 0, 0, 0, 0, 0, 0, 0, 0, 0, 0, 0, 0, 0, 0, 0, 0, 0, 0, 0, 0, 0, 0, 0, 0, 0, 0, 0, 0, 0, 2145, 12678, 8452, 8420, 4226, 10498, 60871, 60871, 33604
dw 60871, 60871, 12577, 12577, 12577, 12577, 12577, 12577, 12577, 12577, 12577, 12577, 12577, 12577, 12577, 12577, 12577, 12577, 12577, 10497, 0, 0, 0, 0, 0, 0, 0, 0, 0, 0, 0, 0, 0, 0, 4096, 10304, 10304, 10304, 0, 2048, 10304, 8224, 0, 10304, 10304, 10304, 2048, 6176, 10304, 10304, 10304, 4128, 10304, 10304, 0, 0, 0, 0, 0, 0, 0, 0, 0, 6176, 12352, 10304, 10304, 10304, 10304, 10304, 10304, 10304, 10304, 10304, 10304, 10304, 10304, 10304, 10304, 10304, 10304, 10304, 10304, 10304, 10304, 10304, 10304, 10304, 10304, 10304, 10304, 10304, 10304, 10304, 10304, 10304, 10304, 10304, 10304, 10304, 10304, 10304, 10304, 10304, 4128, 0, 0, 12577, 12577, 12577, 12577, 12577, 12577, 12577, 12577, 12577, 12577, 12577, 12577, 12577, 12577, 12577, 12577, 12577, 16802, 60871, 60871, 33604
dw 60871, 60871, 62951, 62951, 62951, 62951, 62951, 62951, 62951, 62951, 62951, 62951, 62951, 62951, 62951, 62951, 62951, 62951, 62951, 56711, 0, 0, 0, 0, 0, 0, 0, 0, 0, 0, 0, 0, 0, 0, 20608, 55616, 55616, 35008, 0, 24704, 55616, 26784, 14400, 55616, 55616, 45312, 10272, 39136, 55616, 55616, 49440, 14400, 47392, 30880, 0, 0, 0, 0, 0, 0, 0, 0, 0, 20608, 43264, 55616, 55616, 55616, 55616, 55616, 55616, 55616, 55616, 55616, 55616, 55616, 55616, 55616, 55616, 55616, 55616, 55616, 55616, 55616, 55616, 55616, 55616, 55616, 55616, 55616, 55616, 55616, 55616, 55616, 55616, 55616, 55616, 55616, 55616, 55616, 55616, 55616, 55616, 55616, 22656, 0, 2112, 62951, 62951, 62951, 62951, 62951, 62951, 62951, 62951, 62951, 62951, 62951, 62951, 62951, 62951, 62951, 62951, 62951, 62951, 60871, 60871, 33604
dw 60871, 60871, 60903, 60903, 60903, 60903, 60903, 60903, 60903, 60903, 60903, 60903, 60903, 60903, 60903, 60903, 60903, 60903, 60903, 56679, 0, 0, 0, 0, 0, 0, 0, 0, 0, 0, 0, 0, 0, 0, 10304, 49440, 45312, 8224, 14400, 49440, 55616, 4128, 37056, 53568, 55616, 30880, 10304, 53568, 53568, 55616, 37088, 4096, 18528, 2048, 0, 0, 0, 0, 0, 0, 0, 2048, 0, 2048, 10304, 30880, 55616, 55616, 55616, 53568, 53568, 53568, 53568, 53568, 53568, 45312, 49440, 53568, 53568, 53568, 53568, 53568, 53568, 53568, 53568, 53568, 53568, 53568, 53568, 53568, 53568, 53568, 53568, 53568, 53568, 53568, 53568, 53568, 53568, 53568, 53568, 53568, 53568, 53568, 22656, 0, 2112, 60903, 60903, 60903, 60903, 60903, 60903, 60903, 60903, 60903, 60903, 60903, 60903, 60903, 60903, 60903, 60903, 60903, 60903, 60871, 60871, 33604
dw 60871, 60871, 60871, 60871, 60871, 60871, 60871, 60871, 60871, 60871, 60871, 60871, 60871, 60871, 60871, 60871, 60871, 60871, 60871, 56647, 0, 0, 0, 0, 0, 0, 0, 0, 0, 0, 0, 0, 0, 0, 0, 14432, 12352, 6176, 45312, 53568, 53568, 2048, 37088, 53568, 49440, 10304, 10304, 53568, 53568, 53568, 12352, 0, 0, 0, 16480, 4128, 0, 0, 2048, 20608, 4128, 32960, 6176, 2048, 0, 0, 20608, 22656, 53568, 53568, 53568, 53568, 53568, 53568, 53568, 32960, 41184, 53568, 53568, 53568, 53568, 53568, 53568, 53568, 53568, 53568, 53568, 53568, 53568, 53568, 53568, 53568, 53568, 53568, 53568, 53568, 53568, 53568, 53568, 53568, 53568, 53568, 53568, 53568, 20608, 0, 2112, 60871, 60871, 60871, 60871, 60871, 60871, 60871, 60871, 60871, 60871, 60871, 60871, 60871, 60871, 60871, 60871, 60871, 60871, 60871, 60871, 10497
dw 18882, 18882, 18882, 18882, 18882, 18882, 18882, 18882, 18882, 18882, 18882, 18882, 18882, 18882, 18882, 18882, 18882, 46181, 60871, 56647, 0, 0, 0, 0, 0, 0, 0, 0, 0, 0, 0, 0, 0, 0, 0, 0, 0, 2048, 16480, 24704, 28832, 0, 35008, 51488, 47392, 0, 10304, 53568, 41184, 16480, 0, 0, 2048, 0, 28832, 28832, 0, 0, 2048, 47360, 41184, 55616, 41184, 39136, 8224, 2048, 0, 2048, 16480, 45312, 51488, 51488, 55616, 55616, 51488, 10304, 41184, 53568, 53568, 53568, 53568, 53568, 53568, 53568, 53568, 53568, 53568, 53568, 53568, 53568, 53568, 53568, 53568, 53568, 53568, 53568, 53568, 53568, 53568, 53568, 53568, 53568, 53568, 53568, 20608, 0, 2112, 60871, 60871, 39909, 18882, 18882, 18882, 18882, 18882, 18882, 18882, 18882, 18882, 18882, 18882, 18882, 18882, 18882, 18882, 18882, 18882, 0
dw 0, 0, 0, 0, 0, 0, 0, 0, 0, 0, 0, 0, 0, 0, 0, 0, 0, 39877, 60871, 56647, 0, 0, 0, 0, 0, 0, 0, 0, 0, 0, 0, 0, 0, 0, 0, 0, 0, 0, 0, 2048, 4128, 0, 8224, 24704, 47360, 0, 10304, 51488, 10304, 0, 0, 6176, 24704, 8224, 24704, 14400, 0, 0, 0, 26784, 49440, 55616, 55616, 55616, 45312, 20608, 0, 0, 0, 32960, 10304, 20576, 47392, 47392, 22656, 4096, 43264, 53568, 53568, 53568, 53568, 53568, 53568, 53568, 53568, 53568, 53568, 53568, 53568, 53568, 53568, 53568, 53568, 53568, 53568, 53568, 53568, 53568, 53568, 53568, 53568, 53568, 53568, 53568, 20608, 0, 2112, 60871, 60871, 31492, 0, 0, 0, 0, 0, 0, 0, 0, 0, 0, 0, 0, 0, 0, 0, 0, 0, 0
dw 0, 0, 0, 0, 0, 0, 0, 0, 0, 0, 0, 0, 0, 0, 0, 0, 0, 39877, 60871, 56647, 0, 0, 0, 0, 0, 0, 0, 0, 0, 0, 0, 0, 0, 0, 0, 0, 0, 0, 0, 0, 0, 0, 0, 2048, 26784, 0, 8224, 20608, 0, 0, 0, 37088, 53568, 10304, 2048, 0, 0, 0, 0, 2048, 8224, 41216, 43264, 55616, 55616, 53536, 12352, 4096, 0, 2048, 0, 0, 4128, 4128, 2048, 26784, 53568, 53568, 53568, 53568, 53568, 53568, 53568, 53568, 53568, 53568, 53568, 53568, 53568, 53568, 53568, 53568, 53568, 53568, 53568, 53568, 53568, 53568, 53568, 53568, 53568, 53568, 53568, 53568, 20608, 0, 2112, 60871, 60871, 31492, 0, 0, 0, 0, 0, 0, 0, 0, 0, 0, 0, 0, 0, 0, 0, 0, 0, 0
dw 0, 0, 0, 0, 0, 0, 0, 0, 0, 0, 0, 0, 0, 0, 0, 0, 0, 39877, 60871, 56647, 0, 0, 0, 0, 0, 0, 0, 0, 0, 0, 0, 0, 0, 0, 0, 0, 0, 0, 0, 0, 0, 0, 0, 0, 2048, 0, 0, 2048, 0, 12352, 0, 39136, 37088, 8224, 0, 4128, 8224, 0, 0, 0, 0, 4096, 10304, 37088, 37088, 37088, 53568, 26784, 0, 0, 0, 12352, 0, 0, 14400, 55616, 55616, 53568, 53568, 53568, 53568, 53568, 53568, 53568, 53568, 53568, 53568, 53568, 53568, 53568, 53568, 53568, 53568, 53568, 53568, 53568, 53568, 53568, 53568, 53568, 53568, 53568, 53568, 53568, 20608, 0, 2112, 60871, 60871, 31492, 0, 0, 0, 0, 0, 0, 0, 0, 0, 0, 0, 0, 0, 0, 0, 0, 0, 0
dw 0, 0, 0, 0, 0, 0, 0, 0, 0, 0, 0, 0, 0, 0, 0, 0, 0, 39877, 60871, 56647, 0, 0, 0, 0, 0, 0, 0, 0, 0, 0, 0, 0, 0, 0, 0, 0, 0, 0, 0, 0, 0, 0, 0, 0, 0, 0, 0, 0, 8224, 45312, 0, 16480, 0, 0, 0, 30912, 22656, 0, 0, 12352, 24704, 0, 0, 0, 0, 0, 37088, 53536, 28832, 6176, 14432, 45312, 28832, 28832, 45312, 26784, 47360, 53568, 53568, 53568, 53568, 53568, 53568, 53568, 55616, 55616, 53568, 53568, 53568, 53568, 53568, 53568, 53568, 53568, 53568, 53568, 53568, 53568, 53568, 53568, 53568, 53568, 53568, 53568, 20608, 0, 2112, 60871, 60871, 31492, 0, 0, 0, 0, 0, 0, 0, 0, 0, 0, 0, 0, 0, 0, 0, 0, 0, 0
dw 0, 0, 0, 0, 0, 0, 0, 0, 0, 0, 0, 0, 0, 0, 0, 0, 0, 39877, 60871, 56647, 0, 0, 0, 0, 0, 0, 0, 0, 0, 0, 0, 0, 0, 0, 0, 0, 0, 0, 0, 0, 0, 0, 0, 0, 0, 0, 0, 0, 6176, 43264, 0, 0, 0, 0, 16480, 51488, 22656, 0, 20608, 41184, 51488, 30912, 6176, 0, 0, 0, 18528, 53568, 41184, 4128, 12352, 51488, 55616, 45312, 22656, 12352, 47392, 53568, 53568, 53568, 53568, 53568, 53568, 51488, 22656, 22656, 39136, 55616, 55616, 53568, 53568, 53568, 53568, 53568, 53568, 53568, 53568, 53568, 53568, 53568, 53568, 53568, 53568, 53568, 20608, 0, 2112, 60871, 60871, 31492, 0, 0, 0, 0, 0, 0, 0, 0, 0, 0, 0, 0, 0, 0, 0, 0, 0, 0
dw 0, 0, 0, 0, 0, 0, 0, 0, 0, 0, 0, 0, 0, 0, 0, 0, 0, 39877, 60871, 56647, 0, 0, 0, 0, 0, 0, 0, 0, 0, 0, 0, 0, 0, 0, 0, 0, 0, 0, 0, 0, 0, 0, 0, 0, 0, 0, 0, 0, 0, 8224, 0, 0, 0, 6176, 49440, 53568, 45312, 8224, 39136, 55616, 53568, 55616, 43264, 22656, 4128, 0, 18528, 53568, 32960, 2048, 0, 12352, 14400, 12352, 8224, 47360, 53568, 53568, 53568, 53568, 53568, 55616, 37088, 12352, 0, 0, 8224, 14400, 14400, 49440, 53568, 53568, 53568, 53568, 53568, 53568, 53568, 53568, 53568, 53568, 53568, 53568, 53568, 53568, 20608, 0, 2112, 60871, 60871, 31492, 0, 0, 0, 0, 0, 0, 0, 0, 0, 0, 0, 0, 0, 0, 0, 0, 0, 0
dw 0, 0, 0, 0, 0, 0, 0, 0, 0, 0, 0, 0, 0, 0, 0, 0, 0, 39877, 60871, 56647, 0, 0, 0, 0, 0, 0, 0, 0, 0, 0, 0, 0, 0, 0, 0, 0, 0, 0, 0, 0, 0, 0, 0, 0, 0, 0, 0, 0, 0, 0, 0, 0, 4096, 8224, 53568, 53568, 53568, 45312, 51488, 53568, 53568, 53568, 55616, 49440, 35008, 2048, 18528, 53568, 49440, 14432, 8224, 8224, 8224, 18528, 45312, 53568, 53568, 53568, 53568, 53568, 53536, 47392, 6176, 0, 0, 0, 0, 0, 0, 22656, 53568, 53568, 53568, 53568, 53568, 53568, 53568, 53568, 53568, 53568, 53568, 53568, 53568, 53568, 20608, 0, 2112, 60871, 60871, 31492, 0, 0, 0, 0, 0, 0, 0, 0, 0, 0, 0, 0, 0, 0, 0, 0, 0, 0
dw 0, 0, 0, 0, 0, 0, 0, 0, 0, 0, 0, 0, 0, 0, 0, 0, 0, 39877, 60871, 56647, 0, 0, 0, 0, 0, 0, 0, 0, 0, 0, 0, 0, 0, 0, 0, 0, 0, 0, 0, 0, 0, 0, 0, 0, 0, 0, 0, 0, 0, 0, 0, 14400, 28832, 8224, 53568, 53568, 53568, 55616, 53568, 53568, 53568, 53568, 53568, 53568, 49440, 12352, 14400, 49440, 53568, 51488, 51488, 51488, 51488, 51488, 55616, 53568, 53568, 53568, 53568, 55616, 30912, 4128, 0, 0, 0, 0, 0, 4096, 14432, 24704, 51488, 53568, 53568, 53568, 53568, 53568, 53568, 53568, 53568, 53568, 53568, 53568, 53568, 53568, 22656, 0, 2112, 60871, 60871, 31492, 0, 0, 0, 0, 0, 0, 0, 0, 0, 0, 0, 0, 0, 0, 0, 0, 0, 0
dw 0, 0, 0, 0, 0, 0, 0, 0, 0, 0, 0, 0, 0, 0, 0, 0, 0, 39877, 60871, 56679, 0, 0, 0, 0, 0, 0, 0, 0, 0, 0, 0, 0, 0, 0, 0, 0, 0, 0, 0, 0, 0, 0, 0, 0, 0, 0, 0, 0, 0, 0, 8224, 43264, 30912, 8224, 53568, 53568, 53568, 41184, 53568, 53568, 53568, 53568, 53568, 53568, 39136, 2048, 2048, 41184, 55616, 55616, 55616, 55616, 55616, 53568, 53568, 53568, 53568, 53568, 53568, 43264, 4128, 0, 0, 0, 0, 0, 12352, 24704, 43264, 22656, 24704, 53568, 53568, 53568, 53568, 53568, 53568, 53568, 53568, 53568, 53568, 53568, 53568, 49440, 12352, 0, 2112, 60871, 60871, 31492, 0, 0, 0, 0, 0, 0, 0, 0, 0, 0, 0, 0, 0, 0, 0, 0, 0, 0
dw 0, 0, 0, 0, 0, 0, 0, 0, 0, 0, 0, 0, 0, 0, 0, 0, 0, 18914, 60871, 58759, 16802, 0, 0, 0, 0, 0, 0, 0, 0, 0, 0, 0, 0, 0, 0, 0, 0, 0, 0, 0, 0, 0, 0, 0, 0, 0, 0, 0, 0, 0, 26784, 45312, 14432, 26784, 55616, 53568, 53568, 26784, 45312, 53568, 53568, 53568, 53568, 53568, 39136, 0, 0, 20576, 39136, 55616, 55616, 30880, 43264, 53568, 53568, 53568, 53568, 53568, 49440, 12352, 0, 0, 0, 0, 0, 22656, 26784, 22656, 32960, 18528, 2048, 53568, 53568, 53568, 53568, 53568, 53568, 53568, 53568, 53568, 53568, 53568, 53568, 41184, 0, 0, 20995, 60871, 56679, 16770, 0, 0, 0, 0, 0, 0, 0, 0, 0, 0, 0, 0, 0, 0, 0, 0, 0, 0
dw 0, 0, 0, 0, 0, 0, 0, 0, 0, 0, 0, 0, 0, 0, 0, 0, 0, 0, 60871, 60871, 35652, 0, 0, 0, 0, 0, 0, 0, 0, 0, 0, 0, 0, 0, 0, 0, 0, 0, 0, 0, 0, 0, 0, 0, 0, 0, 0, 0, 0, 0, 26784, 41216, 0, 16480, 20608, 49440, 53568, 37088, 35008, 53568, 53568, 53568, 53568, 53568, 16480, 0, 2048, 2048, 8224, 18528, 20608, 14400, 45312, 53568, 53568, 53568, 55616, 53568, 20608, 0, 0, 0, 0, 6176, 32960, 28832, 43264, 8224, 12352, 45312, 16480, 53568, 53568, 53568, 53568, 53568, 53568, 53568, 53568, 53568, 53568, 53568, 53568, 41184, 0, 0, 41989, 60871, 54566, 0, 0, 0, 0, 0, 0, 0, 0, 0, 0, 0, 0, 0, 0, 0, 0, 0, 0, 0
dw 0, 0, 0, 0, 0, 0, 0, 0, 0, 0, 0, 0, 0, 0, 0, 0, 0, 0, 60871, 60871, 33604, 0, 0, 0, 0, 0, 0, 0, 0, 0, 0, 0, 0, 0, 0, 0, 0, 0, 0, 0, 0, 0, 0, 0, 0, 0, 0, 0, 0, 0, 30880, 12352, 0, 2048, 20608, 43264, 37088, 37088, 10304, 53568, 53568, 53568, 53568, 53568, 4128, 0, 16480, 12352, 2048, 2048, 20608, 45312, 53568, 53568, 53568, 53568, 53568, 35008, 2048, 0, 0, 0, 0, 26784, 14432, 4128, 35008, 32960, 0, 26784, 45312, 53568, 53568, 53568, 53568, 53568, 53568, 53568, 53568, 53568, 53568, 53568, 53568, 41184, 0, 0, 41957, 60871, 54566, 0, 0, 0, 0, 0, 0, 0, 0, 0, 0, 0, 0, 0, 0, 0, 0, 0, 0, 0
dw 0, 0, 0, 0, 0, 0, 0, 0, 0, 0, 0, 0, 0, 0, 0, 0, 0, 0, 62951, 60871, 33604, 0, 0, 0, 0, 0, 0, 10304, 2048, 0, 0, 0, 0, 0, 0, 0, 0, 0, 0, 0, 0, 0, 0, 0, 0, 0, 0, 0, 0, 0, 4128, 6176, 0, 39136, 51488, 41184, 32960, 53536, 18528, 47392, 53568, 53568, 53568, 53568, 10304, 0, 45312, 51488, 51488, 49440, 51488, 55616, 53568, 53568, 55616, 51488, 14432, 2048, 0, 0, 0, 0, 20608, 18528, 43264, 16480, 22656, 51488, 26784, 18528, 55616, 53568, 53568, 53568, 53568, 53568, 53568, 53568, 53568, 53568, 53568, 53568, 53568, 35008, 0, 0, 41957, 60871, 54598, 0, 0, 0, 0, 0, 0, 0, 0, 0, 0, 0, 0, 0, 0, 0, 0, 0, 0, 0
dw 0, 0, 0, 0, 0, 0, 0, 0, 0, 0, 0, 0, 0, 0, 0, 0, 0, 0, 50406, 60871, 41957, 4160, 0, 0, 0, 0, 10304, 49440, 20608, 0, 0, 0, 0, 0, 0, 0, 0, 0, 0, 0, 0, 0, 0, 0, 0, 0, 0, 0, 0, 0, 6176, 37088, 0, 35008, 55616, 41184, 24704, 53568, 18528, 26784, 53568, 53568, 53568, 53568, 37056, 0, 18528, 41184, 41184, 41216, 53568, 53568, 53568, 55616, 45312, 26784, 2048, 0, 0, 0, 0, 10304, 30880, 6176, 22656, 43264, 10304, 49440, 51488, 28832, 53568, 53568, 55616, 55616, 55616, 53568, 53568, 53568, 53568, 53568, 53568, 53568, 53568, 10304, 0, 4225, 46214, 60871, 44069, 0, 0, 0, 0, 0, 0, 0, 0, 0, 0, 0, 0, 0, 0, 0, 0, 0, 0, 0
dw 0, 0, 0, 0, 0, 0, 0, 0, 0, 0, 0, 0, 0, 0, 0, 0, 0, 0, 21027, 60871, 60903, 12577, 0, 6176, 8224, 6176, 45312, 53568, 49440, 0, 0, 0, 0, 0, 0, 0, 0, 0, 0, 0, 0, 0, 0, 0, 0, 0, 0, 0, 0, 0, 12352, 30880, 0, 4128, 45312, 41184, 0, 51488, 16480, 12352, 49440, 53568, 53568, 53568, 45312, 8224, 0, 0, 8224, 24704, 53568, 55616, 55616, 32960, 10304, 0, 0, 0, 0, 0, 6176, 30880, 12352, 26784, 12352, 43264, 37088, 49440, 53568, 55616, 53568, 53568, 37088, 30912, 37088, 55616, 55616, 53568, 53568, 53568, 53568, 53568, 53568, 6176, 0, 18914, 60903, 60871, 14690, 0, 0, 0, 0, 0, 0, 0, 0, 0, 0, 0, 0, 0, 0, 0, 0, 0, 0, 0
dw 0, 0, 0, 0, 0, 0, 0, 0, 0, 0, 0, 0, 0, 0, 0, 0, 0, 0, 23075, 60871, 60871, 12577, 0, 6176, 26784, 37088, 53568, 53568, 30880, 0, 0, 0, 2048, 0, 0, 0, 0, 0, 0, 0, 0, 0, 0, 0, 0, 0, 0, 0, 0, 0, 0, 2048, 0, 0, 14400, 37088, 0, 51488, 16480, 0, 41184, 53568, 53568, 53568, 53568, 37088, 28832, 28832, 39136, 53568, 53568, 28832, 26784, 2048, 0, 0, 0, 0, 0, 16480, 28832, 10304, 20576, 22656, 43264, 49440, 53568, 53568, 53568, 53568, 53568, 53568, 35008, 16480, 6176, 41184, 28832, 43264, 53568, 53568, 53568, 53568, 53568, 6176, 0, 18914, 60871, 60871, 14690, 0, 0, 0, 0, 0, 0, 0, 0, 0, 0, 0, 0, 0, 0, 0, 0, 0, 0, 0
dw 0, 0, 0, 0, 0, 0, 0, 0, 0, 0, 0, 0, 0, 0, 0, 0, 0, 0, 21027, 60871, 60871, 12609, 0, 0, 32960, 55616, 53568, 53568, 14400, 0, 0, 0, 24704, 0, 0, 0, 0, 0, 0, 0, 0, 0, 0, 0, 0, 0, 0, 0, 0, 0, 0, 0, 0, 0, 0, 35008, 0, 51488, 16480, 0, 41184, 53568, 30912, 53568, 53568, 55616, 55616, 55616, 55616, 47392, 18528, 2048, 0, 0, 0, 0, 0, 0, 8224, 26784, 47360, 12352, 24736, 14432, 55616, 53568, 53568, 53568, 53568, 43264, 18528, 53568, 51488, 26784, 6176, 30880, 4128, 12352, 53568, 53568, 53568, 53568, 35008, 2048, 0, 20994, 60871, 60871, 14690, 0, 0, 0, 0, 0, 0, 0, 0, 0, 0, 0, 0, 0, 0, 0, 0, 0, 0, 0
dw 0, 0, 0, 0, 0, 0, 0, 0, 0, 0, 0, 0, 0, 0, 0, 0, 0, 0, 4224, 48262, 60871, 44069, 0, 0, 28832, 53568, 53568, 53568, 41184, 4096, 0, 24704, 49440, 12352, 0, 0, 0, 0, 0, 0, 0, 0, 0, 0, 0, 0, 0, 0, 0, 0, 0, 0, 0, 0, 0, 35008, 0, 24704, 18528, 0, 37088, 55616, 18528, 53568, 26784, 53568, 53568, 49440, 32960, 10304, 0, 0, 0, 0, 0, 0, 0, 0, 30912, 12352, 24704, 47360, 24704, 47360, 53568, 53568, 55616, 53568, 55616, 51488, 14400, 26784, 47392, 10304, 35008, 45312, 4096, 0, 26784, 53568, 53568, 53568, 26784, 0, 0, 50374, 60871, 41989, 2112, 0, 0, 0, 0, 0, 0, 0, 0, 0, 0, 0, 0, 0, 0, 0, 0, 0, 0, 0
dw 0, 0, 0, 0, 0, 0, 0, 0, 0, 0, 0, 0, 0, 0, 0, 0, 0, 0, 0, 46149, 60871, 52486, 0, 0, 6176, 51488, 53568, 53568, 53568, 28832, 10304, 35008, 41216, 4096, 0, 0, 10304, 2048, 0, 0, 0, 0, 0, 0, 0, 0, 0, 0, 0, 0, 0, 0, 0, 0, 0, 28832, 0, 22656, 14400, 0, 12352, 45312, 18528, 53568, 16480, 51488, 51488, 18528, 6176, 0, 0, 0, 0, 0, 0, 0, 0, 4128, 37088, 41184, 24704, 55616, 49440, 55616, 53568, 51488, 45312, 53568, 47392, 49440, 24704, 4096, 37088, 28832, 22656, 26784, 0, 0, 16480, 51488, 53568, 53568, 22656, 0, 0, 58791, 60871, 37796, 0, 0, 0, 0, 0, 0, 0, 0, 0, 0, 0, 0, 0, 0, 0, 0, 0, 0, 0, 0
dw 0, 0, 0, 0, 0, 0, 0, 0, 0, 0, 0, 0, 0, 0, 0, 0, 0, 0, 0, 31492, 60871, 54566, 8385, 0, 0, 53536, 53568, 53568, 53568, 53568, 53568, 53568, 39136, 0, 0, 14400, 53568, 10304, 0, 4096, 6176, 0, 0, 0, 0, 0, 0, 0, 0, 0, 0, 0, 0, 0, 0, 0, 0, 24704, 12352, 10304, 0, 2048, 10304, 53568, 4128, 35008, 24704, 0, 0, 0, 0, 0, 0, 0, 0, 0, 0, 26784, 22656, 37088, 53568, 53568, 53568, 53568, 53568, 49440, 8224, 37088, 30912, 14400, 47360, 0, 6176, 45312, 43264, 0, 0, 0, 0, 39136, 53568, 45312, 0, 0, 10497, 58791, 60871, 25219, 0, 0, 0, 0, 0, 0, 0, 0, 0, 0, 0, 0, 0, 0, 0, 0, 0, 0, 0, 0
dw 0, 0, 0, 0, 0, 0, 0, 0, 0, 0, 0, 0, 0, 0, 0, 0, 0, 0, 0, 6305, 60871, 60871, 29379, 0, 0, 39136, 53568, 53568, 53568, 53568, 55616, 53568, 45312, 8224, 8224, 45312, 55616, 10304, 0, 26784, 20608, 0, 0, 8224, 18528, 0, 0, 0, 0, 0, 0, 0, 0, 0, 0, 0, 0, 2048, 22656, 18528, 0, 0, 10304, 55616, 4128, 35008, 2048, 0, 0, 0, 0, 0, 0, 0, 0, 0, 2048, 26784, 49440, 53568, 53568, 53568, 53568, 53568, 53568, 41184, 37088, 12352, 45312, 4096, 37056, 0, 18528, 28832, 26784, 0, 0, 0, 0, 39136, 53568, 45312, 0, 0, 35684, 60871, 58791, 2080, 0, 0, 0, 0, 0, 0, 0, 0, 0, 0, 0, 0, 0, 0, 0, 0, 0, 0, 0, 0
dw 0, 0, 0, 0, 0, 0, 0, 0, 0, 0, 0, 0, 0, 0, 0, 0, 0, 0, 0, 4224, 60871, 60871, 29412, 0, 0, 16480, 53568, 53568, 53568, 53568, 53568, 53568, 55616, 41184, 41184, 55616, 53568, 10304, 16480, 53536, 41184, 2048, 0, 22656, 49440, 0, 0, 18528, 2048, 0, 0, 0, 0, 0, 0, 0, 0, 0, 0, 0, 0, 0, 4128, 41184, 4128, 14400, 0, 0, 0, 0, 0, 0, 0, 0, 0, 0, 6176, 43264, 43264, 41184, 53568, 53568, 53568, 53568, 53568, 14432, 39136, 8224, 32960, 32960, 45312, 32960, 26784, 12352, 0, 0, 0, 0, 0, 39136, 53568, 24704, 0, 0, 37764, 60871, 58791, 0, 0, 0, 0, 0, 0, 0, 0, 0, 0, 0, 0, 0, 0, 0, 0, 0, 0, 0, 0, 0
dw 0, 0, 0, 0, 0, 0, 0, 0, 0, 0, 0, 0, 0, 0, 0, 0, 0, 0, 0, 2080, 37797, 60871, 50374, 4224, 0, 16480, 53568, 53568, 53568, 53568, 53568, 53568, 53568, 55616, 55616, 53568, 53568, 18528, 45312, 53568, 55616, 4128, 2048, 43264, 47392, 0, 6176, 45312, 6176, 2048, 0, 0, 0, 0, 0, 0, 0, 0, 0, 0, 0, 0, 0, 28832, 4128, 0, 0, 0, 0, 0, 0, 0, 0, 0, 0, 0, 6176, 53536, 20608, 30880, 53568, 53568, 53568, 51488, 32960, 35008, 30880, 37088, 24704, 18528, 41184, 18528, 4128, 0, 0, 0, 0, 0, 14432, 49440, 53568, 10304, 0, 10465, 52486, 60871, 33572, 0, 0, 0, 0, 0, 0, 0, 0, 0, 0, 0, 0, 0, 0, 0, 0, 0, 0, 0, 0, 0
dw 0, 0, 0, 0, 0, 0, 0, 0, 0, 0, 0, 0, 0, 0, 0, 0, 0, 0, 0, 0, 27299, 60871, 62951, 12609, 0, 4096, 41184, 53568, 53568, 53568, 53568, 53568, 53568, 53568, 53568, 53568, 53568, 47392, 55616, 53568, 53568, 28832, 6176, 55616, 47392, 0, 16480, 30912, 18528, 20608, 0, 0, 0, 0, 0, 0, 0, 0, 0, 0, 0, 0, 0, 6176, 0, 0, 0, 0, 0, 0, 0, 0, 0, 0, 0, 0, 2048, 12352, 4096, 32960, 53568, 53568, 55616, 47392, 30880, 45312, 43264, 18528, 6176, 0, 8224, 0, 0, 0, 0, 0, 0, 0, 47392, 55616, 37056, 2048, 0, 20994, 60903, 60903, 18914, 0, 0, 0, 0, 0, 0, 0, 0, 0, 0, 0, 0, 0, 0, 0, 0, 0, 0, 0, 0, 0
dw 0, 0, 0, 0, 0, 0, 0, 0, 0, 0, 0, 0, 0, 0, 0, 0, 0, 0, 0, 0, 21027, 58759, 60871, 41989, 0, 0, 30880, 53568, 53568, 53568, 53568, 53568, 53568, 53568, 53568, 53568, 53568, 53568, 53568, 53568, 53568, 41184, 37088, 53568, 47392, 4128, 43264, 28832, 45312, 39136, 0, 0, 0, 0, 0, 0, 0, 0, 0, 0, 0, 0, 0, 0, 0, 0, 0, 0, 0, 0, 0, 0, 0, 0, 0, 0, 0, 0, 10304, 51488, 53568, 53568, 47392, 30880, 47392, 37088, 6176, 0, 0, 0, 0, 0, 0, 0, 0, 0, 0, 6176, 53568, 53568, 24704, 0, 0, 50374, 60871, 56679, 16770, 0, 0, 0, 0, 0, 0, 0, 0, 0, 0, 0, 0, 0, 0, 0, 0, 0, 0, 0, 0, 0
dw 0, 0, 0, 0, 0, 0, 0, 0, 0, 0, 0, 0, 0, 0, 0, 0, 0, 0, 0, 0, 2080, 50406, 60871, 52454, 8385, 0, 4128, 55616, 53568, 53568, 53568, 53568, 53568, 53568, 53568, 53568, 53568, 53568, 53568, 53568, 53568, 53568, 53568, 53568, 49440, 32960, 53568, 53536, 28832, 14400, 10304, 0, 0, 0, 0, 0, 0, 0, 0, 0, 0, 0, 0, 0, 0, 0, 0, 0, 0, 0, 0, 0, 0, 0, 0, 0, 0, 0, 22656, 53568, 53568, 55616, 26784, 37056, 22656, 4096, 0, 0, 0, 0, 0, 0, 0, 0, 0, 0, 4128, 39136, 53568, 51488, 2048, 0, 10465, 56679, 60871, 44101, 2080, 0, 0, 0, 0, 0, 0, 0, 0, 0, 0, 0, 0, 0, 0, 0, 0, 0, 0, 0, 0, 0
dw 0, 0, 0, 0, 0, 0, 0, 0, 0, 0, 0, 0, 0, 0, 0, 0, 0, 0, 0, 0, 0, 31460, 60871, 60871, 25187, 0, 0, 39136, 53568, 53568, 53568, 53568, 53568, 53568, 53568, 53568, 53568, 53568, 53568, 53568, 53568, 53568, 53568, 53568, 53568, 53568, 53568, 53568, 26784, 43264, 43264, 6176, 0, 0, 0, 0, 0, 0, 0, 0, 0, 0, 0, 0, 0, 0, 0, 0, 0, 0, 0, 0, 0, 0, 0, 0, 4096, 24736, 49440, 53568, 53568, 37088, 18528, 2048, 0, 0, 0, 0, 0, 0, 0, 0, 0, 0, 0, 0, 16480, 53568, 53568, 32960, 0, 0, 31492, 60871, 60871, 23107, 0, 0, 0, 0, 0, 0, 0, 0, 0, 0, 0, 0, 0, 0, 0, 0, 0, 0, 0, 0, 0, 0
dw 0, 0, 0, 0, 0, 0, 0, 0, 0, 0, 0, 0, 0, 0, 0, 0, 0, 0, 0, 0, 0, 10497, 62951, 60871, 44101, 2080, 0, 22656, 53568, 53568, 53568, 53568, 53568, 53568, 53568, 53568, 53568, 53568, 53568, 53568, 53568, 53568, 53568, 53568, 53568, 53568, 53568, 53568, 55616, 55616, 55616, 16480, 0, 0, 0, 0, 0, 0, 0, 0, 0, 0, 0, 0, 0, 0, 0, 0, 0, 0, 0, 0, 0, 0, 0, 12352, 32960, 55616, 53568, 53568, 53568, 20576, 0, 0, 0, 0, 0, 6176, 28832, 0, 0, 0, 0, 0, 0, 0, 32960, 53568, 55616, 16480, 0, 4225, 48262, 60871, 62951, 2112, 0, 0, 0, 0, 0, 0, 0, 0, 0, 0, 0, 0, 0, 0, 0, 0, 0, 0, 0, 0, 0, 0
dw 0, 0, 0, 0, 0, 0, 0, 0, 0, 0, 0, 0, 0, 0, 0, 0, 0, 0, 0, 0, 0, 2112, 39909, 60871, 62951, 6305, 0, 6176, 45312, 53568, 53568, 53568, 53568, 53568, 53568, 53568, 53568, 53568, 53568, 53568, 53568, 53568, 53568, 53568, 53568, 53568, 53568, 53568, 53568, 53568, 41184, 4128, 0, 0, 0, 0, 0, 0, 0, 0, 0, 0, 0, 0, 0, 0, 0, 0, 0, 0, 0, 0, 0, 12352, 37088, 47360, 55616, 55616, 51488, 51488, 41184, 6176, 0, 0, 0, 0, 20608, 43264, 55616, 41184, 39136, 0, 0, 0, 0, 22656, 53568, 53568, 41184, 4128, 0, 14690, 62951, 60871, 35652, 0, 0, 0, 0, 0, 0, 0, 0, 0, 0, 0, 0, 0, 0, 0, 0, 0, 0, 0, 0, 0, 0, 0
dw 0, 0, 0, 0, 0, 0, 0, 0, 0, 0, 0, 0, 0, 0, 0, 0, 0, 0, 0, 0, 0, 0, 29379, 60871, 60871, 33604, 0, 0, 37088, 53568, 53568, 53568, 53568, 53568, 53568, 53568, 53568, 53568, 53568, 53568, 53568, 53568, 53568, 53568, 53568, 53568, 53568, 53568, 53568, 53568, 30912, 0, 2048, 0, 0, 0, 0, 0, 0, 0, 0, 0, 0, 0, 0, 0, 0, 0, 0, 0, 0, 0, 0, 4096, 12352, 49440, 49440, 49440, 16480, 10304, 8224, 0, 0, 4096, 2048, 0, 26784, 55616, 55616, 55616, 49440, 0, 0, 0, 0, 32960, 53568, 53568, 30912, 0, 0, 41989, 60871, 60839, 23075, 0, 0, 0, 0, 0, 0, 0, 0, 0, 0, 0, 0, 0, 0, 0, 0, 0, 0, 0, 0, 0, 0, 0
dw 0, 0, 0, 0, 0, 0, 0, 0, 0, 0, 0, 0, 0, 0, 0, 0, 0, 0, 0, 0, 0, 0, 2112, 56647, 60871, 46214, 4192, 0, 8224, 47392, 53568, 53568, 53568, 53568, 53568, 53568, 53568, 53568, 53568, 53568, 53568, 53568, 53568, 53568, 53568, 53568, 53568, 53568, 53568, 53568, 8224, 16480, 28832, 0, 0, 0, 0, 0, 0, 0, 0, 0, 0, 0, 0, 0, 0, 0, 0, 0, 0, 0, 0, 0, 0, 6176, 6176, 6176, 0, 0, 0, 0, 4128, 39136, 32960, 2048, 2048, 37088, 41216, 41216, 16480, 0, 0, 0, 18528, 51488, 53568, 45312, 4096, 0, 6305, 52486, 60871, 48294, 2112, 0, 0, 0, 0, 0, 0, 0, 0, 0, 0, 0, 0, 0, 0, 0, 0, 0, 0, 0, 0, 0, 0, 0
dw 0, 0, 0, 0, 0, 0, 0, 0, 0, 0, 0, 0, 0, 0, 0, 0, 0, 0, 0, 0, 0, 0, 0, 39909, 60871, 60839, 18882, 0, 0, 28832, 53568, 53568, 53568, 53568, 53568, 53568, 53568, 53568, 53568, 53568, 53568, 53568, 53568, 53568, 53568, 53568, 53568, 53568, 53568, 53568, 30880, 51488, 20608, 0, 0, 0, 0, 0, 0, 0, 0, 0, 0, 0, 0, 0, 0, 0, 0, 0, 0, 0, 0, 0, 0, 0, 0, 0, 0, 0, 0, 0, 30880, 53568, 53568, 22656, 0, 4128, 4128, 4128, 2048, 0, 0, 8256, 47360, 53568, 53568, 22656, 0, 0, 25219, 60871, 60871, 33572, 0, 0, 0, 0, 0, 0, 0, 0, 0, 0, 0, 0, 0, 0, 0, 0, 0, 0, 0, 0, 0, 0, 0, 0
dw 0, 0, 0, 0, 0, 0, 0, 0, 0, 0, 0, 0, 0, 0, 0, 0, 0, 0, 0, 0, 0, 0, 0, 14690, 60903, 60871, 37764, 0, 0, 14400, 51488, 53568, 53568, 53568, 53568, 53568, 53568, 53568, 53568, 53568, 53568, 53568, 53568, 53568, 53568, 53568, 53568, 53568, 53568, 53568, 55616, 32960, 10304, 4128, 0, 0, 0, 0, 0, 0, 0, 0, 0, 0, 0, 0, 0, 0, 0, 0, 0, 0, 0, 0, 0, 0, 0, 0, 0, 0, 0, 14432, 55616, 53568, 53568, 49440, 12352, 0, 0, 0, 0, 0, 2048, 39136, 53568, 53568, 47392, 10304, 0, 2080, 41989, 60871, 62951, 8385, 0, 0, 0, 0, 0, 0, 0, 0, 0, 0, 0, 0, 0, 0, 0, 0, 0, 0, 0, 0, 0, 0, 0, 0
dw 0, 0, 0, 0, 0, 0, 0, 0, 0, 0, 0, 0, 0, 0, 0, 0, 0, 0, 0, 0, 0, 0, 0, 6273, 46214, 60871, 58791, 2112, 0, 0, 24704, 53568, 53568, 53568, 53568, 53568, 53568, 53568, 53568, 53568, 53568, 53568, 53568, 53568, 53568, 53568, 53568, 53568, 53568, 53568, 53568, 37088, 43264, 10304, 0, 0, 0, 0, 0, 0, 0, 0, 0, 0, 0, 0, 0, 0, 0, 0, 0, 0, 0, 0, 0, 0, 0, 0, 0, 0, 8224, 47360, 53568, 53568, 53568, 53568, 26784, 0, 0, 0, 0, 4096, 28832, 55616, 53568, 53568, 18528, 0, 0, 8385, 60903, 60871, 41989, 2112, 0, 0, 0, 0, 0, 0, 0, 0, 0, 0, 0, 0, 0, 0, 0, 0, 0, 0, 0, 0, 0, 0, 0, 0
dw 0, 0, 0, 0, 0, 0, 0, 0, 0, 0, 0, 0, 0, 0, 0, 0, 0, 0, 0, 0, 0, 0, 0, 0, 35684, 60871, 60871, 27299, 0, 0, 2048, 37088, 53568, 53568, 53568, 53568, 53568, 53568, 53568, 53568, 53568, 53568, 53568, 53568, 53568, 53568, 53568, 53568, 53568, 53568, 53568, 55616, 37088, 2048, 0, 0, 0, 0, 0, 0, 0, 0, 0, 0, 0, 0, 0, 0, 0, 0, 0, 0, 0, 0, 0, 0, 0, 0, 0, 0, 14432, 53568, 53568, 53568, 53568, 53568, 24736, 0, 0, 0, 2048, 39136, 51488, 53568, 53568, 32960, 0, 0, 0, 33572, 60871, 60871, 29379, 0, 0, 0, 0, 0, 0, 0, 0, 0, 0, 0, 0, 0, 0, 0, 0, 0, 0, 0, 0, 0, 0, 0, 0, 0
dw 0, 0, 0, 0, 0, 0, 0, 0, 0, 0, 0, 0, 0, 0, 0, 0, 0, 0, 0, 0, 0, 0, 0, 0, 6273, 58791, 60871, 58759, 12609, 0, 0, 24736, 53568, 53568, 53568, 53568, 53568, 53568, 53568, 53568, 53568, 53568, 53568, 53568, 53568, 53568, 53568, 53568, 53568, 53568, 53568, 45312, 4128, 2048, 4128, 0, 0, 0, 0, 0, 0, 0, 0, 0, 0, 0, 0, 0, 0, 0, 0, 0, 0, 0, 0, 10304, 8224, 0, 0, 0, 2048, 37088, 53568, 53568, 51488, 39136, 4096, 0, 0, 20608, 47360, 55616, 53568, 53568, 53568, 20608, 0, 0, 18882, 58791, 60871, 54566, 4192, 0, 0, 0, 0, 0, 0, 0, 0, 0, 0, 0, 0, 0, 0, 0, 0, 0, 0, 0, 0, 0, 0, 0, 0, 0
dw 0, 0, 0, 0, 0, 0, 0, 0, 0, 0, 0, 0, 0, 0, 0, 0, 0, 0, 0, 0, 0, 0, 0, 0, 0, 50406, 60903, 60903, 23107, 0, 0, 4128, 43264, 55616, 53568, 53568, 53568, 53568, 53568, 53568, 53568, 53568, 53568, 53568, 53568, 53568, 53568, 53568, 53568, 53568, 53568, 20576, 0, 16480, 30880, 2048, 0, 0, 0, 0, 0, 0, 0, 0, 0, 0, 0, 0, 0, 0, 0, 0, 0, 0, 10304, 47392, 43264, 6176, 0, 0, 4096, 39136, 53568, 53568, 26784, 6176, 0, 2048, 12352, 49440, 55616, 53568, 53568, 55616, 37088, 4096, 0, 0, 31492, 60871, 60903, 44069, 0, 0, 0, 0, 0, 0, 0, 0, 0, 0, 0, 0, 0, 0, 0, 0, 0, 0, 0, 0, 0, 0, 0, 0, 0, 0
dw 0, 0, 0, 0, 0, 0, 0, 0, 0, 0, 0, 0, 0, 0, 0, 0, 0, 0, 0, 0, 0, 0, 0, 0, 0, 12577, 54599, 60871, 56679, 10497, 0, 0, 10304, 47392, 53568, 53568, 53568, 53568, 53568, 53568, 53568, 53568, 53568, 53568, 53568, 53568, 53568, 53568, 53568, 53568, 53568, 28832, 18528, 47392, 45312, 4128, 0, 0, 0, 0, 0, 0, 0, 0, 0, 0, 0, 0, 0, 0, 0, 0, 0, 0, 37088, 53568, 53568, 28832, 0, 0, 14432, 53568, 53568, 37088, 0, 0, 0, 24736, 55616, 53568, 53568, 53568, 53568, 45312, 6176, 0, 0, 14658, 62951, 60871, 52486, 8385, 0, 0, 0, 0, 0, 0, 0, 0, 0, 0, 0, 0, 0, 0, 0, 0, 0, 0, 0, 0, 0, 0, 0, 0, 0, 0
dw 0, 0, 0, 0, 0, 0, 0, 0, 0, 0, 0, 0, 0, 0, 0, 0, 0, 0, 0, 0, 0, 0, 0, 0, 0, 0, 23107, 60871, 60871, 46181, 6273, 0, 0, 18528, 53568, 53568, 53568, 53568, 53568, 53568, 53568, 53568, 53568, 53568, 53568, 53568, 53568, 53568, 53568, 53568, 53568, 53568, 53568, 53568, 26784, 0, 0, 0, 0, 0, 0, 0, 0, 0, 0, 0, 0, 0, 0, 0, 0, 0, 0, 0, 37088, 53568, 53568, 41184, 4128, 0, 32960, 53568, 53568, 16480, 0, 0, 14400, 51488, 53568, 53568, 53568, 53568, 51488, 16480, 0, 0, 8417, 50374, 60871, 58791, 18914, 0, 0, 0, 0, 0, 0, 0, 0, 0, 0, 0, 0, 0, 0, 0, 0, 0, 0, 0, 0, 0, 0, 0, 0, 0, 0, 0
dw 0, 0, 0, 0, 0, 0, 0, 0, 0, 0, 0, 0, 0, 0, 0, 0, 0, 0, 0, 0, 0, 0, 0, 0, 0, 0, 2112, 60871, 60871, 62951, 35684, 0, 0, 0, 32960, 53568, 53568, 53568, 53568, 53568, 53568, 53568, 53568, 53568, 53568, 53568, 53568, 53568, 53568, 53568, 53568, 53568, 53568, 49440, 10272, 0, 0, 0, 0, 0, 0, 0, 0, 0, 0, 0, 0, 0, 0, 0, 0, 0, 0, 0, 14400, 53568, 53568, 55616, 10304, 0, 51488, 53568, 41184, 6176, 0, 6176, 45312, 53568, 53568, 53568, 53568, 53568, 24704, 0, 0, 0, 41989, 60903, 60871, 56679, 0, 0, 0, 0, 0, 0, 0, 0, 0, 0, 0, 0, 0, 0, 0, 0, 0, 0, 0, 0, 0, 0, 0, 0, 0, 0, 0, 0
dw 0, 0, 0, 0, 0, 0, 0, 0, 0, 0, 0, 0, 0, 0, 0, 0, 0, 0, 0, 0, 0, 0, 0, 0, 0, 0, 0, 31492, 60871, 60871, 58791, 23107, 0, 0, 4128, 39136, 53568, 53568, 53568, 53568, 53568, 53568, 53568, 53568, 53568, 53568, 53568, 53568, 53568, 53568, 53568, 53568, 53568, 43264, 0, 2048, 6176, 4096, 0, 0, 0, 0, 0, 0, 0, 0, 0, 0, 0, 0, 0, 0, 0, 0, 0, 14400, 45312, 53568, 35008, 0, 22656, 49440, 8224, 0, 2048, 35008, 55616, 53568, 53568, 53568, 53568, 35008, 4096, 0, 2080, 27299, 60871, 60871, 58791, 25219, 0, 0, 0, 0, 0, 0, 0, 0, 0, 0, 0, 0, 0, 0, 0, 0, 0, 0, 0, 0, 0, 0, 0, 0, 0, 0, 0, 0
dw 0, 0, 0, 0, 0, 0, 0, 0, 0, 0, 0, 0, 0, 0, 0, 0, 0, 0, 0, 0, 0, 0, 0, 0, 0, 0, 0, 4192, 44101, 62951, 60871, 56679, 10497, 0, 0, 10304, 51488, 53568, 53568, 53568, 53568, 53568, 53568, 53568, 53568, 53568, 53568, 53568, 53568, 53568, 53568, 53568, 53568, 18528, 4128, 16480, 45312, 30912, 0, 0, 0, 0, 0, 0, 0, 0, 0, 0, 0, 0, 0, 0, 0, 0, 0, 0, 41184, 53568, 43264, 0, 2048, 10304, 0, 6176, 24704, 53568, 53568, 53568, 53568, 53568, 47392, 6176, 0, 0, 16770, 56711, 60871, 62951, 37796, 4160, 0, 0, 0, 0, 0, 0, 0, 0, 0, 0, 0, 0, 0, 0, 0, 0, 0, 0, 0, 0, 0, 0, 0, 0, 0, 0, 0, 0
dw 0, 0, 0, 0, 0, 0, 0, 0, 0, 0, 0, 0, 0, 0, 0, 0, 0, 0, 0, 0, 0, 0, 0, 0, 0, 0, 0, 0, 8385, 54566, 60871, 60871, 46214, 6273, 0, 0, 18528, 51488, 53568, 53568, 53568, 53568, 53568, 53568, 53568, 53568, 53568, 53568, 53568, 53568, 53568, 53568, 53568, 22656, 32960, 51520, 55616, 28832, 0, 0, 0, 0, 0, 0, 0, 0, 0, 0, 0, 0, 0, 0, 0, 0, 0, 6176, 45312, 53568, 43264, 0, 0, 0, 4128, 41184, 53568, 53568, 53568, 53568, 53568, 49440, 14400, 0, 0, 8385, 52486, 60871, 60903, 52454, 2080, 0, 0, 0, 0, 0, 0, 0, 0, 0, 0, 0, 0, 0, 0, 0, 0, 0, 0, 0, 0, 0, 0, 0, 0, 0, 0, 0, 0, 0
dw 0, 0, 0, 0, 0, 0, 0, 0, 0, 0, 0, 0, 0, 0, 0, 0, 0, 0, 0, 0, 0, 0, 0, 0, 0, 0, 0, 0, 0, 20995, 58791, 60871, 60871, 35684, 0, 0, 2048, 32960, 55616, 53568, 53568, 53568, 53568, 53568, 53568, 53568, 53568, 53568, 53568, 53568, 53568, 53568, 53568, 53568, 53568, 55616, 43264, 4096, 0, 0, 0, 0, 0, 0, 0, 0, 0, 0, 0, 0, 0, 0, 0, 0, 0, 32960, 53568, 55616, 30912, 0, 0, 12352, 30880, 53568, 53568, 53568, 53568, 55616, 55616, 26784, 0, 0, 2112, 39877, 60871, 60871, 56679, 16802, 0, 0, 0, 0, 0, 0, 0, 0, 0, 0, 0, 0, 0, 0, 0, 0, 0, 0, 0, 0, 0, 0, 0, 0, 0, 0, 0, 0, 0, 0
dw 0, 0, 0, 0, 0, 0, 0, 0, 0, 0, 0, 0, 0, 0, 0, 0, 0, 0, 0, 0, 0, 0, 0, 0, 0, 0, 0, 0, 0, 0, 29412, 60903, 60871, 62951, 21027, 0, 0, 4096, 24704, 51488, 53568, 53568, 53568, 53568, 53568, 53568, 53568, 53568, 53568, 53568, 53568, 53568, 53568, 53568, 53568, 28832, 10304, 0, 2048, 28832, 6176, 0, 0, 0, 0, 0, 0, 0, 0, 0, 0, 0, 0, 0, 2048, 55616, 53568, 41184, 4096, 0, 8224, 47360, 55616, 53568, 53568, 53568, 53568, 47392, 24704, 0, 0, 0, 29379, 62951, 60871, 60903, 23075, 0, 0, 0, 0, 0, 0, 0, 0, 0, 0, 0, 0, 0, 0, 0, 0, 0, 0, 0, 0, 0, 0, 0, 0, 0, 0, 0, 0, 0, 0, 0
dw 0, 0, 0, 0, 0, 0, 0, 0, 0, 0, 0, 0, 0, 0, 0, 0, 0, 0, 0, 0, 0, 0, 0, 0, 0, 0, 0, 0, 0, 0, 4192, 44069, 60871, 60871, 54566, 12577, 0, 0, 0, 26784, 53568, 53568, 53568, 53568, 53568, 53568, 53568, 53568, 53568, 53568, 53568, 53568, 53568, 53568, 53568, 8224, 0, 12352, 35008, 55616, 12352, 0, 0, 0, 0, 0, 0, 0, 0, 0, 0, 0, 0, 0, 0, 32960, 49440, 10304, 0, 2048, 37088, 53568, 53568, 53568, 53568, 53568, 53568, 18528, 0, 0, 0, 16802, 56679, 60871, 60871, 39877, 2080, 0, 0, 0, 0, 0, 0, 0, 0, 0, 0, 0, 0, 0, 0, 0, 0, 0, 0, 0, 0, 0, 0, 0, 0, 0, 0, 0, 0, 0, 0, 0
dw 0, 0, 0, 0, 0, 0, 0, 0, 0, 0, 0, 0, 0, 0, 0, 0, 0, 0, 0, 0, 0, 0, 0, 0, 0, 0, 0, 0, 0, 0, 0, 8385, 54566, 60903, 60903, 48294, 4192, 0, 0, 2048, 35008, 51488, 53568, 53568, 53568, 53568, 53568, 53568, 53568, 53568, 53568, 53568, 53568, 53568, 53568, 35008, 6176, 45312, 55616, 39136, 2048, 0, 0, 0, 0, 0, 0, 0, 0, 0, 0, 0, 0, 0, 0, 6176, 12352, 0, 2048, 26784, 53568, 53568, 53568, 53568, 53568, 49440, 30880, 2048, 0, 0, 6305, 54566, 60903, 60903, 48294, 6305, 0, 0, 0, 0, 0, 0, 0, 0, 0, 0, 0, 0, 0, 0, 0, 0, 0, 0, 0, 0, 0, 0, 0, 0, 0, 0, 0, 0, 0, 0, 0, 0
dw 0, 0, 0, 0, 0, 0, 0, 0, 0, 0, 0, 0, 0, 0, 0, 0, 0, 0, 0, 0, 0, 0, 0, 0, 0, 0, 0, 0, 0, 0, 0, 0, 20962, 58759, 60871, 60871, 33604, 8385, 0, 0, 4128, 20576, 51488, 53568, 53568, 53568, 53568, 53568, 53568, 53568, 53568, 53568, 53568, 53568, 53568, 53568, 47392, 53568, 53568, 26784, 0, 4128, 8224, 8224, 0, 0, 0, 0, 0, 0, 0, 0, 0, 0, 0, 0, 0, 4128, 16480, 51488, 53568, 53568, 53568, 55616, 51488, 14432, 4096, 0, 0, 8417, 39877, 60903, 60871, 56679, 14658, 0, 0, 0, 0, 0, 0, 0, 0, 0, 0, 0, 0, 0, 0, 0, 0, 0, 0, 0, 0, 0, 0, 0, 0, 0, 0, 0, 0, 0, 0, 0, 0, 0
dw 0, 0, 0, 0, 0, 0, 0, 0, 0, 0, 0, 0, 0, 0, 0, 0, 0, 0, 0, 0, 0, 0, 0, 0, 0, 0, 0, 0, 0, 0, 0, 0, 2080, 31460, 62951, 60871, 60839, 50406, 8385, 0, 0, 2048, 28832, 45312, 55616, 53568, 53568, 53568, 53568, 53568, 53568, 53568, 53568, 53568, 53568, 53568, 55616, 53568, 41184, 2048, 12352, 32960, 51488, 51488, 18528, 16480, 0, 10304, 0, 0, 0, 0, 0, 0, 0, 0, 0, 24704, 51488, 53568, 53568, 53568, 55616, 43264, 24704, 0, 0, 0, 10497, 56647, 60871, 60871, 60871, 25219, 0, 0, 0, 0, 0, 0, 0, 0, 0, 0, 0, 0, 0, 0, 0, 0, 0, 0, 0, 0, 0, 0, 0, 0, 0, 0, 0, 0, 0, 0, 0, 0, 0, 0
dw 0, 0, 0, 0, 0, 0, 0, 0, 0, 0, 0, 0, 0, 0, 0, 0, 0, 0, 0, 0, 0, 0, 0, 0, 0, 0, 0, 0, 0, 0, 0, 0, 0, 2080, 46149, 62951, 60871, 60871, 41989, 18914, 0, 0, 2048, 14400, 35008, 55616, 53568, 53568, 53568, 53568, 53568, 53568, 53568, 53568, 53568, 53568, 53568, 53568, 32960, 22656, 45312, 53568, 53568, 53568, 53568, 53568, 22656, 43264, 12352, 0, 0, 0, 0, 0, 0, 0, 2048, 37088, 53568, 53568, 53568, 55616, 30912, 10304, 2048, 0, 0, 23075, 46181, 60903, 60871, 62951, 37796, 2080, 0, 0, 0, 0, 0, 0, 0, 0, 0, 0, 0, 0, 0, 0, 0, 0, 0, 0, 0, 0, 0, 0, 0, 0, 0, 0, 0, 0, 0, 0, 0, 0, 0, 0
dw 0, 0, 0, 0, 0, 0, 0, 0, 0, 0, 0, 0, 0, 0, 0, 0, 0, 0, 0, 0, 0, 0, 0, 0, 0, 0, 0, 0, 0, 0, 0, 0, 0, 0, 10497, 33572, 62951, 60871, 62951, 54599, 12577, 0, 0, 0, 2048, 26784, 51488, 55616, 53568, 53568, 53568, 53568, 53568, 53568, 53568, 53568, 53568, 53568, 55616, 55616, 53568, 53568, 53568, 53568, 53568, 53568, 55616, 53568, 43264, 26784, 26784, 4096, 0, 0, 0, 26784, 30912, 55616, 53568, 55616, 47392, 26784, 0, 0, 0, 0, 16770, 58791, 60903, 60871, 60871, 29412, 6305, 0, 0, 0, 0, 0, 0, 0, 0, 0, 0, 0, 0, 0, 0, 0, 0, 0, 0, 0, 0, 0, 0, 0, 0, 0, 0, 0, 0, 0, 0, 0, 0, 0, 0, 0
dw 0, 0, 0, 0, 0, 0, 0, 0, 0, 0, 0, 0, 0, 0, 0, 0, 0, 0, 0, 0, 0, 0, 0, 0, 0, 0, 0, 0, 0, 0, 0, 0, 0, 0, 0, 2080, 37764, 58759, 60903, 60903, 50374, 31460, 4225, 0, 0, 0, 14432, 37088, 51520, 55616, 55616, 53568, 53568, 53568, 53568, 53568, 53568, 53568, 53568, 53568, 53568, 53568, 53568, 53568, 53568, 53568, 53568, 53568, 55616, 55616, 55616, 30912, 4128, 4128, 26784, 55616, 55616, 55616, 51488, 32960, 12352, 0, 0, 0, 6273, 35652, 52486, 60871, 60903, 58759, 31492, 0, 0, 0, 0, 0, 0, 0, 0, 0, 0, 0, 0, 0, 0, 0, 0, 0, 0, 0, 0, 0, 0, 0, 0, 0, 0, 0, 0, 0, 0, 0, 0, 0, 0, 0, 0, 0
dw 0, 0, 0, 0, 0, 0, 0, 0, 0, 0, 0, 0, 0, 0, 0, 0, 0, 0, 0, 0, 0, 0, 0, 0, 0, 0, 0, 0, 0, 0, 0, 0, 0, 0, 0, 0, 6273, 20994, 60839, 60903, 60903, 56711, 46181, 4192, 0, 0, 0, 6176, 22656, 51488, 53536, 53568, 53568, 53568, 53568, 53568, 53568, 53568, 53568, 53568, 53568, 53568, 53568, 53568, 53568, 53568, 53568, 53568, 53568, 53568, 53568, 51488, 41216, 43264, 51488, 53568, 51488, 51488, 18528, 6176, 0, 0, 2080, 6305, 48262, 58791, 60903, 60903, 58791, 16770, 4192, 0, 0, 0, 0, 0, 0, 0, 0, 0, 0, 0, 0, 0, 0, 0, 0, 0, 0, 0, 0, 0, 0, 0, 0, 0, 0, 0, 0, 0, 0, 0, 0, 0, 0, 0, 0, 0
dw 0, 0, 0, 0, 0, 0, 0, 0, 0, 0, 0, 0, 0, 0, 0, 0, 0, 0, 0, 0, 0, 0, 0, 0, 0, 0, 0, 0, 0, 0, 0, 0, 0, 0, 0, 0, 0, 32, 29379, 52486, 62951, 60903, 62951, 56647, 23107, 6305, 0, 0, 2048, 6176, 18528, 43264, 43264, 53568, 55616, 55616, 53568, 53568, 53568, 53568, 53568, 53568, 53568, 53568, 53568, 53568, 53568, 53568, 53568, 53568, 53568, 55616, 55616, 53536, 43264, 43264, 14400, 6176, 0, 0, 0, 8385, 29379, 56679, 62951, 60903, 62951, 50406, 23107, 0, 0, 0, 0, 0, 0, 0, 0, 0, 0, 0, 0, 0, 0, 0, 0, 0, 0, 0, 0, 0, 0, 0, 0, 0, 0, 0, 0, 0, 0, 0, 0, 0, 0, 0, 0, 0, 0, 0
dw 0, 0, 0, 0, 0, 0, 0, 0, 0, 0, 0, 0, 0, 0, 0, 0, 0, 0, 0, 0, 0, 0, 0, 0, 0, 0, 0, 0, 0, 0, 0, 0, 0, 0, 0, 0, 0, 0, 4160, 14722, 44069, 60903, 60903, 62951, 58759, 37796, 14690, 0, 0, 0, 2048, 6176, 6176, 32960, 39136, 43264, 55616, 55616, 55616, 53568, 53568, 53568, 53568, 53568, 53568, 53568, 53568, 53568, 55616, 55616, 55616, 41184, 39136, 28832, 6176, 6176, 2048, 0, 0, 0, 16802, 44069, 58759, 62951, 60903, 58791, 44069, 10497, 2112, 0, 0, 0, 0, 0, 0, 0, 0, 0, 0, 0, 0, 0, 0, 0, 0, 0, 0, 0, 0, 0, 0, 0, 0, 0, 0, 0, 0, 0, 0, 0, 0, 0, 0, 0, 0, 0, 0, 0
dw 0, 0, 0, 0, 0, 0, 0, 0, 0, 0, 0, 0, 0, 0, 0, 0, 0, 0, 0, 0, 0, 0, 0, 0, 0, 0, 0, 0, 0, 0, 0, 0, 0, 0, 0, 0, 0, 0, 0, 0, 0, 33604, 54566, 62951, 60871, 60903, 54599, 25187, 18882, 0, 0, 0, 0, 0, 0, 8224, 30912, 30912, 32960, 55616, 55616, 55616, 55616, 55616, 55616, 55616, 55616, 53568, 30912, 30912, 30912, 4096, 0, 0, 0, 0, 0, 0, 20994, 25187, 58791, 60903, 60871, 62951, 50406, 29412, 0, 0, 0, 0, 0, 0, 0, 0, 0, 0, 0, 0, 0, 0, 0, 0, 0, 0, 0, 0, 0, 0, 0, 0, 0, 0, 0, 0, 0, 0, 0, 0, 0, 0, 0, 0, 0, 0, 0, 0, 0, 0
dw 0, 0, 0, 0, 0, 0, 0, 0, 0, 0, 0, 0, 0, 0, 0, 0, 0, 0, 0, 0, 0, 0, 0, 0, 0, 0, 0, 0, 0, 0, 0, 0, 0, 0, 0, 0, 0, 0, 0, 0, 0, 2080, 18914, 39909, 60871, 60903, 60903, 60903, 54566, 33604, 23107, 4160, 4160, 0, 0, 0, 2048, 2048, 2048, 24704, 24704, 24704, 24704, 24704, 24704, 24704, 24704, 22656, 2048, 2048, 2048, 0, 0, 32, 4160, 4160, 27299, 33604, 56679, 60903, 60903, 60903, 60871, 37764, 16770, 2080, 0, 0, 0, 0, 0, 0, 0, 0, 0, 0, 0, 0, 0, 0, 0, 0, 0, 0, 0, 0, 0, 0, 0, 0, 0, 0, 0, 0, 0, 0, 0, 0, 0, 0, 0, 0, 0, 0, 0, 0, 0, 0
dw 0, 0, 0, 0, 0, 0, 0, 0, 0, 0, 0, 0, 0, 0, 0, 0, 0, 0, 0, 0, 0, 0, 0, 0, 0, 0, 0, 0, 0, 0, 0, 0, 0, 0, 0, 0, 0, 0, 0, 0, 0, 0, 0, 8385, 25155, 60871, 60871, 60871, 60903, 62951, 54599, 41989, 41989, 8417, 2080, 32, 0, 0, 0, 0, 0, 0, 0, 0, 0, 0, 0, 0, 0, 0, 0, 32, 2080, 14690, 41989, 41989, 58759, 62951, 60871, 60871, 60871, 60871, 18914, 6273, 0, 0, 0, 0, 0, 0, 0, 0, 0, 0, 0, 0, 0, 0, 0, 0, 0, 0, 0, 0, 0, 0, 0, 0, 0, 0, 0, 0, 0, 0, 0, 0, 0, 0, 0, 0, 0, 0, 0, 0, 0, 0, 0, 0
dw 0, 0, 0, 0, 0, 0, 0, 0, 0, 0, 0, 0, 0, 0, 0, 0, 0, 0, 0, 0, 0, 0, 0, 0, 0, 0, 0, 0, 0, 0, 0, 0, 0, 0, 0, 0, 0, 0, 0, 0, 0, 0, 0, 0, 2080, 12577, 46214, 54566, 60903, 62951, 60903, 62951, 62951, 52486, 50374, 39909, 8417, 8417, 8417, 0, 0, 0, 0, 0, 0, 0, 0, 0, 8417, 8417, 8417, 46149, 50374, 54566, 62951, 62951, 60903, 62951, 60871, 54566, 41989, 12577, 0, 0, 0, 0, 0, 0, 0, 0, 0, 0, 0, 0, 0, 0, 0, 0, 0, 0, 0, 0, 0, 0, 0, 0, 0, 0, 0, 0, 0, 0, 0, 0, 0, 0, 0, 0, 0, 0, 0, 0, 0, 0, 0, 0, 0, 0
dw 0, 0, 0, 0, 0, 0, 0, 0, 0, 0, 0, 0, 0, 0, 0, 0, 0, 0, 0, 0, 0, 0, 0, 0, 0, 0, 0, 0, 0, 0, 0, 0, 0, 0, 0, 0, 0, 0, 0, 0, 0, 0, 0, 0, 0, 0, 8385, 10465, 48294, 50406, 62983, 62951, 60871, 62951, 62951, 60871, 54566, 54566, 52454, 10497, 10497, 10497, 10497, 10497, 10497, 10497, 10497, 14690, 54566, 54566, 54566, 60871, 62951, 62951, 60871, 62983, 60871, 50406, 44069, 10465, 6305, 0, 0, 0, 0, 0, 0, 0, 0, 0, 0, 0, 0, 0, 0, 0, 0, 0, 0, 0, 0, 0, 0, 0, 0, 0, 0, 0, 0, 0, 0, 0, 0, 0, 0, 0, 0, 0, 0, 0, 0, 0, 0, 0, 0, 0, 0, 0
dw 0, 0, 0, 0, 0, 0, 0, 0, 0, 0, 0, 0, 0, 0, 0, 0, 0, 0, 0, 0, 0, 0, 0, 0, 0, 0, 0, 0, 0, 0, 0, 0, 0, 0, 0, 0, 0, 0, 0, 0, 0, 0, 0, 0, 0, 0, 0, 0, 0, 0, 41957, 44069, 62951, 62951, 62951, 60871, 60871, 60871, 60871, 62951, 62951, 62951, 62951, 62951, 62951, 62951, 62951, 62951, 60871, 60871, 60871, 60871, 62951, 62951, 60903, 41957, 35716, 0, 0, 0, 0, 0, 0, 0, 0, 0, 0, 0, 0, 0, 0, 0, 0, 0, 0, 0, 0, 0, 0, 0, 0, 0, 0, 0, 0, 0, 0, 0, 0, 0, 0, 0, 0, 0, 0, 0, 0, 0, 0, 0, 0, 0, 0, 0, 0, 0, 0, 0
dw 0, 0, 0, 0, 0, 0, 0, 0, 0, 0, 0, 0, 0, 0, 0, 0, 0, 0, 0, 0, 0, 0, 0, 0, 0, 0, 0, 0, 0, 0, 0, 0, 0, 0, 0, 0, 0, 0, 0, 0, 0, 0, 0, 0, 0, 0, 0, 0, 0, 0, 2112, 6273, 35684, 35684, 35684, 58791, 62951, 62951, 62951, 62951, 62951, 62951, 62951, 62951, 62951, 62951, 62951, 62951, 62951, 62951, 62951, 56647, 35684, 35684, 33604, 2112, 2112, 0, 0, 0, 0, 0, 0, 0, 0, 0, 0, 0, 0, 0, 0, 0, 0, 0, 0, 0, 0, 0, 0, 0, 0, 0, 0, 0, 0, 0, 0, 0, 0, 0, 0, 0, 0, 0, 0, 0, 0, 0, 0, 0, 0, 0, 0, 0, 0, 0, 0, 0
dw 0, 0, 0, 0, 0, 0, 0, 0, 0, 0, 0, 0, 0, 0, 0, 0, 0, 0, 0, 0, 0, 0, 0, 0, 0, 0, 0, 0, 0, 0, 0, 0, 0, 0, 0, 0, 0, 0, 0, 0, 0, 0, 0, 0, 0, 0, 0, 0, 0, 0, 0, 0, 0, 0, 0, 20995, 25187, 25187, 25219, 60903, 60903, 60903, 60903, 60903, 60903, 60903, 60903, 58759, 25187, 25187, 25187, 18882, 0, 0, 0, 0, 0, 0, 0, 0, 0, 0, 0, 0, 0, 0, 0, 0, 0, 0, 0, 0, 0, 0, 0, 0, 0, 0, 0, 0, 0, 0, 0, 0, 0, 0, 0, 0, 0, 0, 0, 0, 0, 0, 0, 0, 0, 0, 0, 0, 0, 0, 0, 0, 0, 0, 0, 0
dw 0, 0, 0, 0, 0, 0, 0, 0, 0, 0, 0, 0, 0, 0, 0, 0, 0, 0, 0, 0, 0, 0, 0, 0, 0, 0, 0, 0, 0, 0, 0, 0, 0, 0, 0, 0, 0, 0, 0, 0, 0, 0, 0, 0, 0, 0, 0, 0, 0, 0, 0, 0, 0, 0, 0, 0, 0, 0, 0, 18882, 18882, 18882, 18882, 18882, 18882, 18882, 18882, 16802, 0, 0, 0, 0, 0, 0, 0, 0, 0, 0, 0, 0, 0, 0, 0, 0, 0, 0, 0, 0, 0, 0, 0, 0, 0, 0, 0, 0, 0, 0, 0, 0, 0, 0, 0, 0, 0, 0, 0, 0, 0, 0, 0, 0, 0, 0, 0, 0, 0, 0, 0, 0, 0, 0, 0, 0, 0, 0, 0, 0
dw 0, 0, 0, 0, 0, 0, 0, 0, 0, 0, 0, 0, 0, 0, 0, 0, 0, 0, 0, 0, 0, 0, 0, 0, 0, 0, 0, 0, 0, 0, 0, 0, 0, 0, 0, 0, 0, 0, 0, 0, 0, 0, 0, 0, 0, 0, 0, 0, 0, 0, 0, 0, 0, 0, 0, 0, 0, 0, 0, 0, 0, 0, 0, 0, 0, 0, 0, 0, 0, 0, 0, 0, 0, 0, 0, 0, 0, 0, 0, 0, 0, 0, 0, 0, 0, 0, 0, 0, 0, 0, 0, 0, 0, 0, 0, 0, 0, 0, 0, 0, 0, 0, 0, 0, 0, 0, 0, 0, 0, 0, 0, 0, 0, 0, 0, 0, 0, 0, 0, 0, 0, 0, 0, 0, 0, 0, 0